item,weight_vector,weight,difference
105563,-246103748.22381407,0.26640625,-246103748.4902203
2343,-117278647.06452006,0.26640625,-117278647.33092631
101971,-86336960.44295906,0.26640625,-86336960.70936531
88889,-67676134.64646538,0.26640625,-67676134.91287163
111436,-55854700.898407236,0.26640625,-55854701.16481349
107684,-38990241.347670056,0.26640625,-38990241.61407631
108527,-30893541.811355308,0.26640625,-30893542.077761557
128594,-27882977.00843841,0.26640625,-27882977.274844658
43567,-20770214.382282402,0.26640625,-20770214.64868865
65011,-20599993.173825413,0.26640625,-20599993.440231662
93628,-20078219.287023984,0.26640625,-20078219.553430233
81075,-17789600.53940681,0.26640625,-17789600.80581306
101855,-14921497.756168004,0.26640625,-14921498.022574253
70789,-13711859.575589912,0.26640625,-13711859.841996161
68153,-9224185.291091459,0.26640625,-9224185.557497708
8825,-8305019.9258549735,0.5328125,-8305020.458667474
86844,-7743247.721922493,0.26640625,-7743247.988328743
93918,-7243110.432502432,0.26640625,-7243110.698908682
60336,-6182424.479838332,0.26640625,-6182424.746244582
108285,-4379757.358770587,0.26640625,-4379757.625176837
129013,-4304138.1938600205,0.26640625,-4304138.460266271
120813,-4036497.815926821,0.26640625,-4036498.082333071
1106,-2701279.191055899,0.5328125,-2701279.723868399
104780,-2616842.743390969,0.26640625,-2616843.009797219
2547,-2512228.1551714763,0.26640625,-2512228.4215777265
88646,-1431067.6121554738,0.26640625,-1431067.8785617237
75406,-1414280.0536601979,0.26640625,-1414280.3200664478
58649,-1239788.5420535519,0.26640625,-1239788.8084598018
81147,-1133508.7040224718,0.26640625,-1133508.9704287217
91470,-1080979.6495941167,0.26640625,-1080979.9160003667
93709,-1046069.195856188,0.26640625,-1046069.4622624379
82641,-949930.6740726558,0.26640625,-949930.9404789058
871,-891294.8997497482,1.33203125,-891296.2317809982
27841,-882246.0735016924,0.26640625,-882246.3399079423
3233,-873775.509634309,0.26640625,-873775.7760405589
78986,-832305.121735687,0.26640625,-832305.388141937
2234,-620209.9601896715,0.7992187500000001,-620210.7594084215
76085,-605572.0607251164,0.26640625,-605572.3271313664
111878,-548832.6716964077,0.26640625,-548832.9381026577
26644,-522917.2413622695,0.26640625,-522917.5077685195
80217,-497950.1311726258,0.26640625,-497950.3975788758
64577,-402892.53159011784,0.26640625,-402892.79799636785
5671,-351220.087186982,0.26640625,-351220.353593232
106503,-324434.52461272426,0.5328125,-324435.0574252243
70046,-243453.09840288607,0.26640625,-243453.36480913608
109953,-231884.85758769928,0.26640625,-231885.1239939493
2564,-200224.00017811134,0.5328125,-200224.53299061133
26372,-165886.80315723084,0.26640625,-165887.06956348085
111460,-164812.1269586935,0.26640625,-164812.3933649435
79523,-139126.82046202922,0.5328125,-139127.35327452922
44861,-136473.5134380624,0.26640625,-136473.7798443124
104386,-131516.82712549754,0.26640625,-131517.09353174755
94752,-121038.75069052714,0.26640625,-121039.01709677714
5173,-108007.26108107383,0.26640625,-108007.52748732382
66337,-103927.32448383371,0.26640625,-103927.59089008371
104576,-100781.44082761939,0.26640625,-100781.70723386938
105943,-93897.19483107993,0.26640625,-93897.46123732993
8621,-91667.58613825619,0.26640625,-91667.85254450618
65927,-79891.72120070554,0.26640625,-79891.98760695553
8068,-77757.45340905158,0.26640625,-77757.71981530158
1577,-74216.05574975055,0.7992187500000001,-74216.85496850056
51455,-67535.71393907545,0.26640625,-67535.98034532544
89347,-64662.19619183487,0.26640625,-64662.462598084865
92094,-46300.42734690683,0.5328125,-46300.96015940683
89997,-44888.47905788961,0.26640625,-44888.74546413961
81669,-44709.724700479775,0.26640625,-44709.99110672977
117364,-44174.663838492845,0.26640625,-44174.93024474284
101292,-42209.7603754699,0.26640625,-42210.0267817199
104636,-38056.433400906506,0.26640625,-38056.6998071565
1830,-37164.130162396905,0.5328125,-37164.662974896906
85177,-33018.18771487756,1.33203125,-33019.51974612756
8687,-31456.660558109612,0.26640625,-31456.926964359613
7953,-28630.2292760023,0.26640625,-28630.4956822523
8790,-28155.72054549352,0.26640625,-28155.98695174352
116905,-24721.025783211306,0.26640625,-24721.292189461306
95624,-24130.723204793223,0.26640625,-24130.989611043224
71558,-21882.43667680489,0.26640625,-21882.70308305489
33264,-18963.89037151516,0.5328125,-18964.423184015162
114066,-17700.98499721059,0.26640625,-17701.251403460592
5849,-16373.846606181944,0.26640625,-16374.113012431944
26998,-15084.716699240747,0.26640625,-15084.983105490748
6026,-13876.855116725415,0.26640625,-13877.121522975416
103085,-12816.130448212878,0.26640625,-12816.396854462879
71556,-11788.17539985252,0.26640625,-11788.44180610252
58870,-11148.526965566753,0.26640625,-11148.793371816753
129428,-10944.253022273559,0.5328125,-10944.785834773558
70659,-8781.118472837203,0.26640625,-8781.384879087203
48045,-8526.141420870104,0.7992187500000001,-8526.940639620105
5104,-7613.60161559803,0.5328125,-7614.134428098029
93139,-5874.705054803754,0.26640625,-5874.971461053754
8203,-5512.913684580832,0.26640625,-5513.180090830831
1789,-5403.69253223524,0.26640625,-5403.95893848524
93420,-3767.681630695679,0.26640625,-3767.9480369456787
99764,-3363.92890000148,0.5328125,-3364.46171250148
69243,-3294.086327342947,0.26640625,-3294.3527335929466
83535,-2397.1849312209815,0.26640625,-2397.4513374709813
55856,-2195.505508229793,0.26640625,-2195.771914479793
58898,-1577.733680762801,0.5328125,-1578.266493262801
296,0.1329287807279451,1147.411718750093,-1147.278789969365
318,-0.6548655390447865,1146.346093750093,-1147.0009592891377
356,4.437974272929743e-09,1112.7789062500872,-1112.7789062456493
32419,-1078.694404789294,0.26640625,-1078.960811039294
593,-0.38142526350958667,1056.0343750000775,-1056.415800263587
48229,-972.9890999183649,0.5328125,-973.5219124183649
27357,-958.2668268315965,0.5328125,-958.7996393315965
480,-1.089723058578011e-19,925.2289062500552,-925.2289062500552
110,-0.0007739565853881423,839.1796875000405,-839.1804614566258
150,5.1324451524196706e-48,832.2531250000393,-832.2531250000393
1221,-480.2315173022323,344.9960937499917,-825.227611052224
81276,-808.322797190533,0.26640625,-808.5892034405331
260,-1.4551152620379217,805.8789062500348,-807.3340215120727
527,-0.08164471911551316,790.1609375000321,-790.2425822191476
1,7.005238409512252e-08,771.778906250029,-771.7789061799766
589,-1.2153956581365992e-11,757.9257812500266,-757.9257812500388
380,-1.0696561645648827e-09,746.2039062500246,-746.2039062510943
50,-3.2059466048616563,683.5984375000139,-686.8043841048756
2571,-3.012543342328823,674.8070312500124,-677.8195745923413
8652,-675.1328652835882,0.26640625,-675.3992715335883
57276,-636.7488596028235,0.5328125,-637.2816721028234
1210,-0.0020261576528141276,623.3906250000036,-623.3926511576565
858,-10.246117988114928,596.217187499999,-606.463305488114
2858,-0.32896188774296614,599.1476562499995,-599.4766181377424
608,0.15003935723050676,598.3484374999994,-598.1983981427688
47,0.0012942812150189078,571.1749999999947,-571.1737057187797
2959,0.576431147512671,545.8664062499904,-545.2899751024777
1196,-1.4930434604875573,526.152343749987,-527.6453872104746
1198,-1.4801313662648443,510.43437499998464,-511.9145063662495
4993,2.229982063355455,475.53515624998613,-473.30517418663067
68513,-448.3844144747985,0.26640625,-448.6508207247985
5952,-0.44137074901857515,437.97187499998773,-438.4132457490063
2028,-0.4493803542661275,436.1070312499878,-436.5564116042539
1270,9.968083955346813e-10,429.9796874999881,-429.97968749899127
2762,-0.10693095200470906,424.1187499999883,-424.225680951993
5793,-405.71538680459844,0.26640625,-405.9817930545984
6956,-403.21521358669173,0.26640625,-403.4816198366917
7153,0.5209821109512568,396.9453124999895,-396.42433038903823
100553,-393.14111190516854,0.26640625,-393.40751815516853
773,-378.9705245548148,0.5328125,-379.5033370548148
118930,-376.91789614392087,0.5328125,-377.45070864392085
5579,-371.0858707078249,0.26640625,-371.35227695782487
1721,2.764308638871417e-09,366.3085937499908,-366.3085937472265
1197,-1.4526560618988586e-05,364.97656249999085,-364.97657702655147
33134,-364.3792245224128,0.26640625,-364.6456307724128
40591,-362.4813323628256,0.26640625,-362.7477386128256
3578,-0.015622672059583892,351.6562499999914,-351.671872672051
1193,3.020447634647002,350.59062499999146,-347.5701773653445
4226,1.4710445086052313,346.32812499999164,-344.8570804913864
56098,-334.06535188426653,0.26640625,-334.3317581342665
1136,0.02466509644907994,326.0812499999925,-326.0565849035434
6,-1.1601254913273213e-09,325.01562499999255,-325.01562500115267
81751,-322.51478358631744,0.7992187500000001,-323.31400233631746
58559,0.003322288614280855,322.61796874999266,-322.61464646137836
541,-0.521163705865498,313.56015624999304,-314.08131995585853
4973,-1.2490672380290638e-06,312.7609374999931,-312.7609387490603
1240,-2.167725927041841e-07,310.0968749999932,-310.0968752167658
912,0.9045527243013146,293.8460937499939,-292.9415410256926
34314,-291.00907714407555,0.26640625,-291.27548339407554
1214,-2.809727169187948e-07,286.9195312499942,-286.9195315309669
111,1.0262499997002148,284.2554687499943,-283.2292187502941
1617,0.025360686215137616,280.79218749999444,-280.7668268137793
1291,7.929718567482465e-07,280.52578124999445,-280.5257804570226
1036,8.076958587748169e-05,278.66093749999453,-278.6608567304087
2997,1.560256724991254e-05,278.39453124999454,-278.3945156474273
1319,-274.43996476336577,0.5328125,-274.97277726336574
1213,0.1887523654728575,268.80390624999495,-268.6151538845221
3996,-0.0047365911048219255,265.0742187499951,-265.0789553410999
2329,-9.113487518424112e-09,264.54140624999513,-264.5414062591086
293,-2.4077769968286084e-07,261.34453124999527,-261.34453149077297
96935,-259.40695769069833,0.26640625,-259.6733639406983
1704,-7.810098725508668e-11,258.9468749999954,-258.9468750000735
72668,-257.4306807973441,0.26640625,-257.6970870473441
1089,0.000315442568485893,251.75390624999568,-251.7535908074272
778,-1.3539035882643388e-06,249.35624999999578,-249.35625135389938
3114,-2.2784078420811158e-09,244.82734374999598,-244.82734375227437
7361,-0.4114981732626561,243.22890624999604,-243.6404044232587
104,3.7047260562363927e-13,241.8968749999961,-241.89687499999573
924,-0.0040907493609506585,239.7656249999962,-239.76971574935715
750,0.6356426078383046,236.56874999999633,-235.93310739215804
1200,0.003639489808860316,234.43749999999642,-234.43386051018757
92954,-230.22303735577606,0.5328125,-230.75584985577606
1208,-0.20493346144159882,223.51484374999688,-223.7197772114385
1206,0.23808694313020196,215.78906249999721,-215.550975556867
6874,-9.172088990164647e-09,203.00156249999776,-203.00156250916984
1225,-0.0004155104539711541,201.40312499999783,-201.4035405104518
2324,-2.1394000066244276e-07,199.5382812499979,-199.53828146393792
919,-2.4270481962851234,195.0093749999981,-197.43642319628322
79132,7.82726101202312e-06,196.07499999999806,-196.07499217273704
3228,-194.89850494068466,0.5328125,-195.43131744068467
1258,0.0002632349436516059,195.0093749999981,-195.00911176505446
1610,-4.747064466694934e-22,194.47656249999812,-194.47656249999812
71418,-186.04302148298854,0.5328125,-186.57583398298854
16,-1.3286934793196688e-11,183.0210937499986,-183.0210937500119
2918,-0.0011184599930398487,179.29140624999877,-179.29252470999182
33794,-1.5014650471579393e-15,175.02890624999895,-175.02890624999895
4878,-8.314262362075804e-07,174.229687499999,-174.22968833142522
1222,-4.844187130557237e-13,174.229687499999,-174.22968749999947
1387,-2.262644022732568e-05,171.8320312499991,-171.83205387643932
923,10.069296304393587,180.35703124999873,-170.28773494560514
6016,-0.03882232781863583,169.1679687499992,-169.20679107781783
904,0.2687729947661237,168.90156249999922,-168.6327895052331
1230,0.01366765685816946,167.0367187499993,-167.02305109314113
7438,-6.778634116828926e-13,166.23749999999933,-166.2375
908,-9.285790189416429e-07,164.9054687499994,-164.9054696785784
1219,-0.09181390230989933,162.77421874999948,-162.86603265230937
56095,-162.0339155016066,0.5328125,-162.5667280016066
1148,-0.0327301147715676,162.5078124999995,-162.54054261477106
6151,-159.92772831250974,0.26640625,-160.19413456250973
1304,6.618528081725771e-16,159.31093749999962,-159.31093749999962
4034,8.603312532369918e-11,157.4460937499997,-157.44609374991367
4011,5.837606247490748e-11,152.11796874999993,-152.11796874994155
1233,1.1082250276515402e-06,152.11796874999993,-152.1179676417749
1247,-0.00021320524384276095,150.7859375,-150.78615070524384
48516,2.9684687484220725e-07,150.7859375,-150.7859372031531
1252,0.4816354631149431,149.98671875000002,-149.50508328688508
1204,-3.49362974418279,140.39609375000043,-143.88972349418322
246,3.418112268326839e-05,143.06015625000032,-143.06012206887763
1207,-0.2586480125912738,142.79375000000033,-143.0523980125916
5618,0.12220119444115918,142.52734375000034,-142.4051425555592
1288,-3.1486481164291317e-06,138.26484375000052,-138.26484689864864
1234,2.439858501233879e-16,138.26484375000052,-138.26484375000052
1203,5.523733542920236e-05,138.26484375000052,-138.2647885126651
903,1.043437921904071,139.0640625000005,-138.02062457809643
913,0.19030830434117924,137.19921875000057,-137.00891044565938
94503,-133.95950480999005,0.26640625,-134.22591105999004
745,-0.45849049598873537,133.73593750000072,-134.19442799598946
3949,7.34961041227224e-15,134.0023437500007,-134.0023437500007
1673,4.30327536240311e-14,133.46953125000073,-133.46953125000067
953,3.911935677080954e-05,129.4734375000009,-129.47339838064414
1250,0.18854058561559323,128.14140625000095,-127.95286566438536
2194,8.28362523743649e-09,127.07578125000094,-127.07578124171732
32587,-0.0008791632520617637,124.67812500000092,-124.67900416325298
2395,2.441273723119734e-09,124.67812500000092,-124.67812499755965
2804,-3.338014315451643e-15,123.87890625000091,-123.87890625000091
1278,7.0442567531006525e-12,123.0796875000009,-123.07968749999385
1035,2.3346153099822913e-12,121.21484375000088,-121.21484374999855
3471,2.095102037940528e-11,119.88281250000087,-119.88281249997992
1242,3.303701231544672e-07,117.48515625000084,-117.48515591963071
6711,-3.819347829261895e-07,117.21875000000084,-117.21875038193562
5060,4.809829970823918e-11,116.95234375000084,-116.95234374995273
1028,5.022910350771689e-19,116.15312500000083,-116.15312500000083
1090,-2.361763243330837e-15,115.08750000000082,-115.08750000000082
910,2.0909818500125884e-08,114.55468750000081,-114.55468747909099
1276,4.286165100688471e-09,113.2226562500008,-113.22265624571463
1199,-0.01233388373726364,110.55859375000077,-110.57092763373804
899,0.10272887384147843,109.75937500000076,-109.65664612615927
3160,9.033638198110184e-25,109.22656250000075,-109.22656250000075
1266,1.4431294021135563e-05,108.96015625000075,-108.96014181870673
70541,-107.4154729337243,0.26640625,-107.6818791837243
1201,-0.0021592579299173995,107.36171875000073,-107.36387800793065
2019,-1.7168791976651305,105.49687500000071,-107.21375419766585
914,3.831650660967149e-12,104.6976562500007,-104.69765624999687
720,-0.030449482606587606,104.1648437500007,-104.19529323260728
969,-5.072201794366991e-11,103.36562500000069,-103.36562500005141
1997,1.7539265003436202e-07,99.36953125000065,-99.36953107460799
8665,-3.419328578818644e-24,98.03750000000063,-98.03750000000063
3421,-0.0011753864464198653,97.50468750000063,-97.50586288644705
1172,1.0347670356457571e-13,96.70546875000062,-96.70546875000052
1263,-8.57162774483563e-07,94.3078125000006,-94.30781335716337
1262,0.09844927575378322,92.97578125000058,-92.8773319742468
306,-5.194834420384223e-19,90.84453125000056,-90.84453125000056
3000,-1.9799062241474992e-25,88.97968750000054,-88.97968750000054
3887,-87.9305083585253,0.5328125,-88.46332085852531
4979,-1.8074027761240765e-09,87.38125000000052,-87.38125000180793
55820,-0.004085235866588163,83.91796875000048,-83.92205398586707
3671,5.382489395985028e-13,78.58984375000043,-78.58984374999989
1287,-5.870374994773242e-17,78.05703125000042,-78.05703125000042
1244,8.594990174844456e-08,77.79062500000042,-77.79062491405051
1907,6.970697755579394e-23,75.39296875000039,-75.39296875000039
33270,-73.39568363589869,0.7992187500000001,-74.19490238589869
1235,-7.993785515544057e-10,73.79453125000038,-73.79453125079975
1267,1.2651852217695657e-12,72.72890625000036,-72.7289062499991
1228,4.818641671477529,76.99140625000041,-72.17276457852287
898,2.079802579233033e-11,71.13046875000035,-71.13046874997954
3275,-2.0446036209240675e-06,70.06484375000034,-70.06484579460395
2289,-2.307959070782811e-12,68.73281250000032,-68.73281250000262
7407,-68.08243159145704,0.5328125,-68.61524409145704
7502,-0.017990266669935088,68.46640625000032,-68.48439651667026
5010,4.09360925617063e-06,68.20000000000032,-68.19999590639105
6942,-1.7895944844818447e-07,67.93359375000031,-67.93359392895977
162,-2.8531217810822392e-06,67.1343750000003,-67.13437785312209
1104,-4.959392993475851e-08,66.6015625000003,-66.60156254959423
1912,-3.9650342986867746e-14,65.26953125000028,-65.26953125000033
62594,-64.64380350727252,0.26640625,-64.91020975727253
2366,1.4032026749737034e-23,63.93750000000028,-63.93750000000028
5902,-2.123800488994354e-06,63.40468750000027,-63.40468962380076
30707,-2.3632754129261834e-09,62.60546875000026,-62.605468752363535
2944,-2.508073507676102e-20,62.60546875000026,-62.60546875000026
922,5.7930406739739295,66.06875000000029,-60.275709326026366
1284,-0.5955838069770089,55.94531250000019,-56.5408963069772
4848,-1.5516918560609463e-13,56.4781250000002,-56.478125000000354
3424,-9.51449708535637e-14,54.08046875000017,-54.080468750000264
1884,-2.05140716366273e-11,53.28125000000016,-53.28125000002068
1212,-0.3094585387609941,52.74843750000016,-53.05789603876115
954,-2.826507565252129e-13,51.41640625000014,-51.41640625000043
5520,-49.373384297167185,0.26640625,-49.63979054716719
27773,-1.3037913767165956e-11,49.551562500000124,-49.55156250001316
1256,8.051199481071053e-16,46.887500000000095,-46.887500000000095
1982,2.213708342281547e-05,46.08828125000009,-46.08825911291667
2186,3.376029436177313e-07,42.89140625000005,-42.89140591239711
1245,-3.527738319369115e-12,42.62500000000005,-42.625000000003574
9007,-42.32325266584191,0.26640625,-42.589658915841916
909,-0.252544759737509,41.02656250000003,-41.27910725973754
1945,-9.92763863000734e-09,41.02656250000003,-41.02656250992767
2538,-39.99184961245698,0.5328125,-40.52466211245698
2010,-6.51525311246753e-06,39.96093750000002,-39.96094401525313
930,-5.84055592326302e-13,38.89531250000001,-38.89531250000059
3083,-4.1641653973066294e-13,38.89531250000001,-38.89531250000043
1283,-4.812362852809148e-16,38.09609375,-38.09609375
3435,5.106702040850714,43.157812500000055,-38.05111045914934
3504,7.412830050307139e-09,37.563281249999996,-37.563281242587166
1139,-36.177870142762885,1.065625,-37.24349514276288
1254,1.992465680165459,39.16171875000001,-37.169253069834554
926,0.7744672977246535,37.03046874999999,-36.256001452275335
1248,-0.7050508145169224,34.632812499999964,-35.33786331451689
81111,-34.52407448318205,0.26640625,-34.79048073318205
3030,-1.2484168781130849,32.50156249999994,-33.749979378113025
142,-32.494068963852214,0.26640625,-32.76047521385222
107196,-31.90089668235088,0.26640625,-32.16730293235088
1260,-0.00016457897888547877,31.96874999999994,-31.968914578978826
955,8.061460859930533e-14,31.96874999999994,-31.968749999999858
940,-7.990655450721821e-11,31.43593749999994,-31.43593750007985
6787,-4.195808073372599e-16,31.16953124999994,-31.16953124999994
1237,0.5117908041711664,31.43593749999994,-30.924146695828775
3462,-1.0397968907006723,29.038281249999947,-30.07807814070062
1217,-9.853504073046423e-09,29.038281249999947,-29.038281259853452
5291,-0.08491702969405687,28.771874999999948,-28.856792029694006
1131,-1.6222699632024336e-08,28.50546874999995,-28.50546876622265
36545,-28.01967257747325,0.26640625,-28.28607882747325
1209,2.244083649062055,30.370312499999944,-28.12622885093789
1211,-1.7168660796932646e-16,27.97265624999995,-27.97265624999995
1178,0.09870276614946656,27.97265624999995,-27.873953483850485
5551,-27.253755467749777,0.5328125,-27.786567967749775
905,-2.2762513799692692e-09,27.43984374999995,-27.439843752276204
5673,-5.768552877175331e-10,27.43984374999995,-27.439843750576806
3095,-3.30944896675159e-05,27.173437499999952,-27.17347059448962
3468,8.712147961804371e-06,27.173437499999952,-27.17342878785199
64839,-1.260050756973366e-07,26.907031249999953,-26.90703137600503
3089,0.0003533827575572876,26.907031249999953,-26.906677867242397
103639,-25.4825925443838,0.5328125,-26.015405044383797
6604,-25.711439042769438,0.26640625,-25.977845292769437
1281,2.778639721816258e-17,25.308593749999957,-25.308593749999957
3730,-0.0007973946952641982,24.77578124999996,-24.776578644695224
1719,3.0519983276248187e-09,24.24296874999996,-24.242968746947962
951,3.888148535932002,27.97265624999995,-24.084507714067946
2973,1.959754741591575e-10,22.378124999999965,-22.37812499980399
8638,4.735452295594576e-10,21.845312499999967,-21.845312499526422
3307,1.232531871642006,22.910937499999964,-21.678405628357957
1251,1.5386600987514638,23.177343749999963,-21.6386836512485
1227,-6.647817179567894e-10,21.312499999999968,-21.31250000066475
89386,-18.90752485957823,0.26640625,-19.17393110957823
3022,-4.152013497466368,14.652343749999986,-18.804357247466353
1218,-0.0015974807290996859,18.382031249999976,-18.383628730729075
699,-17.843407920487735,0.26640625,-18.109814170487734
31086,-17.425839054327252,0.26640625,-17.69224530432725
2603,-16.63197855157781,0.26640625,-16.89838480157781
599,-3.42138584809119e-07,16.78359374999998,-16.783594092138564
3265,-9.962128971131446e-13,16.25078124999998,-16.250781250000976
77658,0.0004993562001188962,14.918749999999985,-14.918250643799865
6993,4.813054709102507e-18,13.853124999999988,-13.853124999999988
1361,8.625340328517854e-14,13.586718749999989,-13.586718749999902
3741,0.9486774815095954,13.586718749999989,-12.638041268490394
25975,-11.326165397389216,0.5328125,-11.858977897389217
3629,1.732742612616487e-12,11.721874999999994,-11.721874999998262
73713,-11.120602622482329,0.5328125,-11.653415122482329
1140,-11.224902188438843,0.26640625,-11.491308438438843
1232,1.8626181120622688e-07,11.455468749999994,-11.455468563738183
4914,-1.0273096246077906e-10,10.922656249999996,-10.922656250102726
26341,-10.627077286217677,0.26640625,-10.893483536217676
2732,4.075146099107991e-13,10.656249999999996,-10.65624999999959
30991,-9.975972367979473,0.26640625,-10.242378617979472
3742,-0.23109708707019655,9.857031249999999,-10.088128337070195
26131,0.23415448852446843,9.32421875,-9.090064261475531
3091,1.5920287054946837e-14,9.0578125,-9.057812499999985
2351,2.071800551885014e-12,9.0578125,-9.05781249999793
3365,1.1414406801969222e-07,9.0578125,-9.057812385855932
7327,4.02275576179378e-09,8.525000000000002,-8.524999995977247
5280,-8.204230957266544,0.26640625,-8.470637207266543
69803,-8.128765670721451,0.26640625,-8.39517192072145
768,-7.81713149061145,0.5328125,-8.34994399061145
7063,-2.824246583778352e-05,8.258593750000003,-8.25862199246584
5147,2.639788515599269e-06,8.258593750000003,-8.258591110211487
69495,-7.5452075173679525,0.5328125,-8.078020017367953
670,-1.00484488091931e-14,7.9921875000000036,-7.992187500000013
6669,0.02541798207274098,7.9921875000000036,-7.966769517927262
89939,-7.361703656105118,0.26640625,-7.628109906105118
8154,0.053334041106189674,7.459375000000003,-7.406040958893813
2920,0.3571895939195799,7.725781250000003,-7.368591656080423
97665,-6.649854755367094,0.5328125,-7.182667255367094
3470,-1.832962466466884e-22,6.660156250000003,-6.660156250000003
7766,1.4421990973851987e-18,6.3937500000000025,-6.3937500000000025
2905,1.9752367590741787e-12,5.860937500000002,-5.860937499998027
61253,-5.558684117395681,0.26640625,-5.825090367395681
4380,1.5904707031599542e-14,5.594531250000002,-5.594531249999986
7064,4.211491832245563e-11,5.594531250000002,-5.594531249957887
6985,0.01766191504834987,5.594531250000002,-5.5768693349516525
99633,-4.821722524023135,0.5328125,-5.354535024023136
4379,-4.764385628630093,0.26640625,-5.030791878630093
26150,4.927544817502069e-12,4.795312500000001,-4.795312499995074
114762,-3.94147450201873,0.5328125,-4.47428700201873
97648,-4.173556487474887,0.26640625,-4.439962737474887
65300,-4.004223911427418,0.26640625,-4.270630161427418
777,-3.357609346167406,0.7992187500000001,-4.156828096167406
27544,-3.4307703370692737,0.5328125,-3.9635828370692736
6783,-1.0346859822363609e-08,3.463281250000001,-3.463281260346861
4461,-3.1935598222046484,0.26640625,-3.4599660722046486
126426,-2.9368304416501876,0.26640625,-3.2032366916501878
68069,-2.747132778826069,0.26640625,-3.0135390288260693
86574,-2.5812539648144472,0.26640625,-2.8476602148144474
60551,-2.2484550411497364,0.5328125,-2.7812675411497363
27627,-2.0944519776691033,0.5328125,-2.627264477669103
7390,-2.260525997300971,0.26640625,-2.526932247300971
6643,5.147643120932816e-05,2.3976562500000003,-2.397604773568791
8125,0.04175796663347046,2.3976562500000003,-2.3558982833665296
8620,-1.8615476200255564e-13,2.13125,-2.131250000000186
46409,-1.6326903077154244,0.26640625,-1.8990965577154244
1159,-1.4620609611607662,0.26640625,-1.7284672111607662
5181,-0.8586877245199431,0.7992187500000001,-1.6579064745199432
80281,-1.0480949833253623,0.5328125,-1.5809074833253622
7769,-1.1930701461646107,0.26640625,-1.4594763961646107
69685,-0.004704102731126429,1.33203125,-1.3367353527311265
52462,0.003196744850876465,1.33203125,-1.3288345051491235
66506,-1.029044921579555,0.26640625,-1.295451171579555
110445,-0.39297415603184144,0.7992187500000001,-1.1921929060318415
8964,-0.5379781488218487,0.5328125,-1.0707906488218488
42351,-0.001794857730073726,1.065625,-1.0674198577300738
57845,-1.4435231484679024e-09,1.065625,-1.0656250014435231
1143,-0.7754282613351972,0.26640625,-1.0418345113351972
895,-0.20777428259173342,0.7992187500000001,-1.0069930325917336
6704,-0.7354886345318671,0.26640625,-1.0018948845318671
975,-0.7239079818989677,0.26640625,-0.9903142318989677
69992,-0.16167324151708348,0.7992187500000001,-0.9608919915170836
41136,-0.41016308075889435,0.5328125,-0.9429755807588944
25742,-0.6260207654621119,0.26640625,-0.8924270154621119
5687,-0.618677104869158,0.26640625,-0.8850833548691579
2591,-0.5914014559776689,0.26640625,-0.857807705977669
5828,-0.5778618354633912,0.26640625,-0.8442680854633913
26003,-1.6419510621415806e-10,0.7992187500000001,-0.7992187501641952
4856,4.957019788954272e-17,0.7992187500000001,-0.7992187500000001
812,2.910247810877386e-19,0.7992187500000001,-0.7992187500000001
8197,3.107460448466097e-07,0.7992187500000001,-0.7992184392539552
2588,4.50220928393785e-05,0.7992187500000001,-0.7991737279071607
73874,5.355805494585879e-05,0.7992187500000001,-0.7991651919450542
26736,0.0002849340998815368,0.7992187500000001,-0.7989338159001186
26070,-0.5252489378834837,0.26640625,-0.7916551878834837
32464,0.05419894734707283,0.7992187500000001,-0.7450198026529272
50909,-0.19685336237278858,0.5328125,-0.7296658623727886
5235,-0.1799195996842979,0.5328125,-0.712732099684298
690,0.11518243335248934,0.7992187500000001,-0.6840363166475107
109781,-0.40604762134911765,0.26640625,-0.6724538713491177
33933,-0.4011581441197138,0.26640625,-0.6675643941197138
3377,-0.37527661982627336,0.26640625,-0.6416828698262733
87413,-0.3503857352480956,0.26640625,-0.6167919852480956
93242,-0.04574262383578945,0.5328125,-0.5785551238357894
658,0.22820784175619224,0.7992187500000001,-0.5710109082438078
4818,-0.026431783963738218,0.5328125,-0.5592442839637383
2703,-0.021137760250300345,0.5328125,-0.5539502602503004
26749,-0.2814077127126895,0.26640625,-0.5478139627126895
31347,-0.007146468740773655,0.5328125,-0.5399589687407736
826,-0.006657553946016292,0.5328125,-0.5394700539460163
115667,-0.00453688309085295,0.5328125,-0.537349383090853
86668,-0.26861881443169977,0.26640625,-0.5350250644316998
873,-0.0005770863903566757,0.5328125,-0.5333895863903567
27646,-0.00017986770885847485,0.5328125,-0.5329923677088585
67534,-8.157704728968188e-05,0.5328125,-0.5328940770472897
73276,-5.43225383504045e-05,0.5328125,-0.5328668225383504
4449,-1.3361934316775357e-08,0.5328125,-0.5328125133619344
26483,-6.841548986888087e-09,0.5328125,-0.532812506841549
74787,-1.1781346884277855e-11,0.5328125,-0.5328125000117814
89321,-7.024053727046087e-12,0.5328125,-0.5328125000070241
63828,-6.351189217338791e-13,0.5328125,-0.5328125000006352
92152,-7.600506064564469e-46,0.5328125,-0.5328125
70121,1.7902249080262512e-44,0.5328125,-0.5328125
67138,1.48710044607207e-19,0.5328125,-0.5328125
45412,1.3508346800126067e-10,0.5328125,-0.5328124998649165
57393,2.504177259423089e-10,0.5328125,-0.5328124997495823
79430,8.173039283131944e-10,0.5328125,-0.5328124991826961
7220,1.002482834091959e-08,0.5328125,-0.5328124899751717
30867,4.2042520749766606e-08,0.5328125,-0.5328124579574792
5196,1.4647692410852147e-06,0.5328125,-0.5328110352307589
4609,3.659431798575314e-06,0.5328125,-0.5328088405682014
26073,2.7697454582737232e-05,0.5328125,-0.5327848025454173
3609,4.470882016584581e-05,0.5328125,-0.5327677911798342
71591,0.00024400574360541744,0.5328125,-0.5325684942563946
80729,0.003354225825025861,0.5328125,-0.5294582741749742
7112,0.003954355739734797,0.5328125,-0.5288581442602652
54284,0.004277038972209572,0.5328125,-0.5285354610277905
93803,0.005937406030661563,0.5328125,-0.5268750939693385
3294,0.009634645098394054,0.5328125,-0.523177854901606
821,-0.22876518744668412,0.26640625,-0.4951714374466841
7196,0.05945075680433043,0.5328125,-0.4733617431956696
1930,-0.20391954471445925,0.26640625,-0.47032579471445923
69136,-0.15976315987563222,0.26640625,-0.42616940987563223
1314,-0.09398477193485767,0.26640625,-0.36039102193485767
80337,-0.08404502356029055,0.26640625,-0.35045127356029054
1424,-0.06738365455717349,0.26640625,-0.3337899045571735
101186,-0.062318854216402604,0.26640625,-0.3287251042164026
96075,-0.04901596185966256,0.26640625,-0.31542221185966257
108983,0.2306622548911569,0.5328125,-0.30215024510884314
60201,-0.014091809127234081,0.26640625,-0.2804980591272341
64321,-0.013956892589177696,0.26640625,-0.2803631425891777
79519,-0.01359115122041711,0.26640625,-0.2799974012204171
41336,-0.010233428539837408,0.26640625,-0.2766396785398374
27571,-0.009975019282026728,0.26640625,-0.2763812692820267
7583,-0.009590444500011884,0.26640625,-0.2759966945000119
8867,-0.009201486178615187,0.26640625,-0.2756077361786152
49815,-0.008620472071026102,0.26640625,-0.27502672207102613
116529,-0.00607803505769979,0.26640625,-0.2724842850576998
8398,-0.005869144395508437,0.26640625,-0.27227539439550846
53788,-0.005163602911957808,0.26640625,-0.27156985291195784
8845,-0.005012852170099333,0.26640625,-0.27141910217009935
7563,-0.003277975357554944,0.26640625,-0.26968422535755493
61206,-0.0025675055736200892,0.26640625,-0.2689737555736201
26691,-0.0016831033460124802,0.26640625,-0.26808935334601247
49359,-0.0009641932983231554,0.26640625,-0.26737044329832316
6388,-0.0007801760859591104,0.26640625,-0.2671864260859591
72104,-0.0006479976587360801,0.26640625,-0.2670542476587361
3346,-0.0003504397388505259,0.26640625,-0.2667566897388505
4594,-0.0001967633090855009,0.26640625,-0.26660301330908553
102066,-0.00017842867511245501,0.26640625,-0.2665846786751125
27862,-0.00010617561614711578,0.26640625,-0.26651242561614713
90254,-5.755336463634592e-05,0.26640625,-0.2664638033646364
92665,-5.3572647455707105e-05,0.26640625,-0.2664598226474557
26616,-4.7503865277812036e-05,0.26640625,-0.2664537538652778
6637,-3.9169523432407556e-05,0.26640625,-0.2664454195234324
111529,-3.447221555319841e-05,0.26640625,-0.2664407222155532
92719,-2.4346321302861372e-05,0.26640625,-0.2664305963213029
8453,-1.2629435315673464e-05,0.26640625,-0.26641887943531567
32653,-1.0359445470357329e-05,0.26640625,-0.26641660944547035
40752,-6.564423171898196e-06,0.26640625,-0.2664128144231719
47904,-7.70070871459799e-07,0.26640625,-0.26640702007087147
796,-1.586107092015467e-08,0.26640625,-0.2664062658610709
91844,-2.684379249453879e-09,0.26640625,-0.2664062526843793
109372,-1.816123036037407e-09,0.26640625,-0.26640625181612304
101962,-9.700109260369026e-11,0.26640625,-0.2664062500970011
102084,-4.900005820799249e-11,0.26640625,-0.2664062500490001
5150,-7.021059616175229e-12,0.26640625,-0.26640625000702106
3642,-2.6242296565585024e-13,0.26640625,-0.2664062500002624
40697,-2.367443698492243e-15,0.26640625,-0.2664062500000024
32562,-1.4673728521699913e-16,0.26640625,-0.2664062500000002
8421,-1.645536294609346e-19,0.26640625,-0.26640625
114554,3.5871743164784094e-20,0.26640625,-0.26640625
74480,8.251757129123662e-18,0.26640625,-0.26640625
7899,2.335502361621243e-20,0.26640625,-0.26640625
30981,-2.0326056330617573e-31,0.26640625,-0.26640625
4592,-6.228424217281251e-36,0.26640625,-0.26640625
108899,4.335220686147774e-19,0.26640625,-0.26640625
8733,8.481454353016438e-21,0.26640625,-0.26640625
39818,-1.0184470475555619e-18,0.26640625,-0.26640625
6757,-3.8812271685956635e-31,0.26640625,-0.26640625
25874,4.577826613334022e-19,0.26640625,-0.26640625
46331,1.8509765216934182e-19,0.26640625,-0.26640625
27362,2.5312205972670455e-55,0.26640625,-0.26640625
72612,4.506549947851255e-16,0.26640625,-0.26640624999999957
71688,5.262026295007317e-14,0.26640625,-0.2664062499999474
7403,4.651506573122745e-12,0.26640625,-0.2664062499953485
109376,1.7071546555362507e-11,0.26640625,-0.26640624998292844
31148,6.8792605433160385e-09,0.26640625,-0.26640624312073946
82739,1.2204132162031958e-07,0.26640625,-0.2664061279586784
92475,1.3689391482996456e-07,0.26640625,-0.2664061131060852
5919,1.901437025065889e-07,0.26640625,-0.2664060598562975
58881,1.9425793674719127e-07,0.26640625,-0.2664060557420633
127,3.1318947311163985e-07,0.26640625,-0.2664059368105269
109742,4.944541922013652e-07,0.26640625,-0.2664057555458078
82240,6.047907581620778e-07,0.26640625,-0.26640564520924187
7878,1.6051515226184922e-06,0.26640625,-0.26640464484847737
113278,2.1714238091290124e-06,0.26640625,-0.26640407857619086
8685,2.181845400565907e-06,0.26640625,-0.26640406815459944
6307,2.3715604429563414e-06,0.26640625,-0.26640387843955704
45172,2.509128286429815e-05,0.26640625,-0.2663811587171357
32593,6.590841754514342e-05,0.26640625,-0.26634034158245484
47538,7.715510799999922e-05,0.26640625,-0.266329094892
92437,0.00013305250183226746,0.26640625,-0.26627319749816775
8613,0.00016610994275594732,0.26640625,-0.26624014005724406
105246,0.00022431986878823306,0.26640625,-0.2661819301312118
6555,0.0007589787885467564,0.26640625,-0.26564727121145326
2981,0.0009456156032315449,0.26640625,-0.2654606343967685
50898,0.0010781927961879213,0.26640625,-0.2653280572038121
55360,0.001541394169107238,0.26640625,-0.26486485583089275
7490,0.0023132957283602627,0.26640625,-0.26409295427163976
81456,0.005926283814536245,0.26640625,-0.26047996618546376
7483,0.007566313030789817,0.26640625,-0.2588399369692102
878,0.010702910103431718,0.26640625,-0.2557033398965683
115147,0.02042600089939578,0.26640625,-0.24598024910060423
105195,0.02627919106007708,0.26640625,-0.24012705893992292
83798,0.03027818708040641,0.26640625,-0.2361280629195936
4536,0.040441788050782704,0.26640625,-0.22596446194921732
1877,0.05141703735402668,0.26640625,-0.21498921264597332
26674,0.07066202935738149,0.26640625,-0.19574422064261854
71991,0.08606509737641128,0.26640625,-0.18034115262358874
56511,0.18619754316465534,0.26640625,-0.08020870683534467
8788,0.28534630284896734,0.26640625,0.018940052848967326
5562,0.34082795934032656,0.26640625,0.07442170934032655
5518,0.4174448208084105,0.26640625,0.1510385708084105
26164,0.44936334673639106,0.26640625,0.18295709673639104
92498,0.4604111792297192,0.26640625,0.19400492922971918
857,0.8022953898497471,0.5328125,0.2694828898497471
102217,0.8242655044754095,0.26640625,0.5578592544754095
33410,1.2205571113563798,0.5328125,0.6877446113563798
87360,1.111910219677394,0.26640625,0.845503969677394
4657,1.4586407813008937,0.5328125,0.9258282813008937
27909,1.2397363594963506,0.26640625,0.9733301094963507
34659,1.2761945860574815,0.26640625,1.0097883360574815
58287,1.3537827748219304,0.26640625,1.0873765248219305
1420,2.253672061191904,1.065625,1.1880470611919038
7882,1.5281243191998202,0.26640625,1.2617180691998202
33090,1.664014780479464,0.26640625,1.397608530479464
47221,1.7026757546806526,0.26640625,1.4362695046806526
5860,1.7069352509560163,0.26640625,1.4405290009560163
7214,1.792552016117662,0.26640625,1.526145766117662
77353,1.8383356908014818,0.26640625,1.571929440801482
6000,1.9279573948534132,0.26640625,1.6615511448534133
31672,2.1543396191553317,0.26640625,1.8879333691553317
26699,3.0577626368499686,0.7992187500000001,2.2585438868499685
79578,2.577637718464287,0.26640625,2.3112314684642867
5178,2.798001475034854,0.26640625,2.5315952250348537
44295,2.8735831318754808,0.26640625,2.6071768818754806
2731,26.410973476226697,23.71015624999996,2.700817226226736
5190,3.9855400385313655,0.26640625,3.7191337885313653
400,4.158573221137809,0.26640625,3.892166971137809
76158,4.337708663272371,0.26640625,4.071302413272371
4528,4.4409915491065535,0.26640625,4.174585299106553
3134,13.330339261946108,9.0578125,4.272526761946107
89945,4.694557649926981,0.26640625,4.428151399926981
92210,4.926789131382752,0.26640625,4.660382881382752
60411,5.137399431862334,0.26640625,4.8709931818623335
45508,5.761666927153197,0.5328125,5.2288544271531965
34666,7.635398297454752,0.26640625,7.368992047454752
71993,8.512936063224668,0.26640625,8.246529813224669
76111,9.736795254960464,0.26640625,9.470389004960465
8257,10.188213410089375,0.26640625,9.921807160089376
90945,11.271914045993157,0.26640625,11.005507795993157
100562,11.381357435756376,0.26640625,11.114951185756377
5767,12.136892338145609,0.26640625,11.87048608814561
87004,13.67415925514528,0.5328125,13.14134675514528
71433,14.866510748892713,0.26640625,14.600104498892714
110461,15.713158714371447,0.5328125,15.180346214371447
2319,15.961975634388164,0.26640625,15.695569384388165
3651,16.581942040499047,0.26640625,16.315535790499048
120474,16.83472398555332,0.26640625,16.56831773555332
1115,17.474521930417527,0.7992187500000001,16.675303180417526
103659,17.109455892316902,0.26640625,16.843049642316902
96020,18.258559889551325,0.26640625,17.992153639551326
82976,19.84134474345321,0.26640625,19.57493849345321
4101,20.94941734098939,0.26640625,20.68301109098939
107052,22.702719232008228,0.5328125,22.16990673200823
101070,23.558454017737155,0.5328125,23.025641517737157
7574,36.452086637787005,0.26640625,36.185680387787
859,41.729993750296224,0.26640625,41.46358750029622
33310,43.60609410044622,0.26640625,43.33968785044622
40226,46.410631976262835,0.5328125,45.877819476262836
6511,47.00526021256123,0.26640625,46.73885396256123
74621,69.83660915745173,0.26640625,69.57020290745173
61136,70.15291238971055,0.26640625,69.88650613971055
26950,78.36931528057966,0.26640625,78.10290903057965
1787,85.38248305742695,0.26640625,85.11607680742695
78653,88.89946093269165,0.7992187500000001,88.10024218269166
27667,100.886333454494,0.26640625,100.61992720449399
73499,141.62437282987307,0.26640625,141.35796657987308
4309,170.62390311160746,0.26640625,170.35749686160747
78009,183.36735888811222,0.26640625,183.10095263811223
102058,184.75198517111482,0.26640625,184.48557892111484
83180,234.8989522085007,0.26640625,234.6325459585007
4230,256.2643085742084,0.26640625,255.99790232420844
654,272.8620843492382,0.26640625,272.5956780992382
86750,323.01106655028906,0.26640625,322.74466030028907
108709,365.4500052806397,0.26640625,365.1835990306397
109425,397.28236978625443,0.26640625,397.01596353625445
75351,401.01594634983826,0.5328125,400.4831338498383
47774,454.0322098087831,0.5328125,453.4993973087831
73824,468.9534783698463,0.5328125,468.42066586984635
53154,484.6456946364778,0.26640625,484.3792883864778
112006,520.9161882181829,0.7992187500000001,520.1169694681829
50354,525.9640362941886,0.5328125,525.4312237941887
8403,656.2861056568715,0.7992187500000001,655.4868869068715
790,688.043349650662,1.33203125,686.711318400662
47084,717.8623194746365,0.26640625,717.5959132246364
82928,758.8268545847285,0.26640625,758.5604483347284
6654,822.400610977593,0.5328125,821.867798477593
97858,859.7752927989198,0.26640625,859.5088865489198
105509,933.4319555963525,0.26640625,933.1655493463525
693,948.6143116329324,0.26640625,948.3479053829324
6402,1521.8171416730615,0.26640625,1521.5507354230615
27220,1579.534548032553,0.26640625,1579.268141782553
6891,1709.454115762895,0.5328125,1708.921303262895
73469,2174.9930294058627,0.26640625,2174.726623155863
74649,2809.4976785687563,0.26640625,2809.2312723187565
2684,2961.941909714467,0.26640625,2961.675503464467
101262,3147.8239772684087,0.26640625,3147.557571018409
5194,3320.026721961745,0.26640625,3319.760315711745
27762,3820.5142684137313,0.26640625,3820.2478621637315
25751,4901.227962459231,0.26640625,4900.961556209231
85312,5702.621202292865,0.26640625,5702.354796042865
34505,6745.35472765439,0.26640625,6745.088321404391
95780,6949.130044286966,0.26640625,6948.863638036966
76866,7314.768030407158,0.26640625,7314.501624157158
45192,7422.9814498490205,0.26640625,7422.715043599021
1165,7994.334908076583,0.5328125,7993.802095576583
101425,8080.547327987295,0.26640625,8080.280921737295
113889,10369.507181506802,0.26640625,10369.240775256801
5889,10507.627381421877,0.5328125,10507.094568921877
56700,11638.869940811746,0.26640625,11638.603534561746
51209,11692.739551409757,0.26640625,11692.473145159756
120138,11862.27218640544,0.26640625,11862.00578015544
41736,13001.050443250917,0.26640625,13000.784037000916
6866,13111.05056965982,0.5328125,13110.51775715982
71664,13711.410935100646,0.26640625,13711.144528850646
1315,14378.583315043677,0.5328125,14378.050502543678
58309,14712.212544184356,0.5328125,14711.679731684357
8120,18389.591861870078,0.26640625,18389.325455620077
100509,19018.977163741165,0.26640625,19018.710757491164
78539,20808.614547511785,0.26640625,20808.348141261784
44392,21137.151279002017,0.26640625,21136.884872752016
101918,25628.33145821165,0.26640625,25628.06505196165
80648,28804.85729571672,0.5328125,28804.32448321672
7409,30227.120480214955,0.26640625,30226.854073964954
47152,31233.46339190394,0.5328125,31232.93057940394
65181,37837.94259556206,0.26640625,37837.676189312064
55684,41861.416659302384,0.26640625,41861.15025305239
72913,42364.44606157863,0.26640625,42364.17965532863
79850,45223.8006526311,0.26640625,45223.5342463811
51773,49895.60837370177,0.5328125,49895.07556120177
93008,52407.07554972978,0.26640625,52406.80914347978
85190,52538.551222676295,0.26640625,52538.2848164263
55408,60118.54166837703,0.26640625,60118.275262127034
25860,70865.4875687648,0.26640625,70865.2211625148
51894,104475.5106636971,0.26640625,104475.2442574471
98795,121824.70220250513,0.26640625,121824.43579625513
64903,125874.23056188866,0.26640625,125873.96415563866
111130,156649.14060487787,0.26640625,156648.87419862786
99487,157574.8887989361,0.26640625,157574.62239268608
3226,188005.58326070584,0.5328125,188005.05044820585
52199,188621.48713530874,0.26640625,188621.22072905872
33247,215006.91326588503,0.26640625,215006.64685963502
3750,236162.07106545664,0.26640625,236161.80465920662
106421,251288.55851768926,0.26640625,251288.29211143925
34238,284982.1253928558,0.5328125,284981.59258035576
71147,385890.3610542932,0.26640625,385890.09464804316
27217,426089.93056025094,0.26640625,426089.66415400093
86947,445472.0282292617,0.26640625,445471.7618230117
60524,773013.0040839753,0.26640625,773012.7376777254
843,814603.6255914636,1.065625,814602.5599664636
128624,815950.5727943522,0.26640625,815950.3063881022
100044,828183.5583150099,0.26640625,828183.29190876
60309,1219818.3583962307,0.26640625,1219818.0919899808
8519,1311332.0842273138,0.26640625,1311331.8178210638
31487,1747731.3539292242,0.26640625,1747731.0875229742
68175,1816520.5264504312,0.26640625,1816520.2600441813
6490,1935266.3945363062,0.26640625,1935266.1281300562
128320,2187750.8496098183,0.26640625,2187750.583203568
67865,2500162.637643282,0.26640625,2500162.3712370316
26370,2730669.2286874456,0.5328125,2730668.6958749457
27451,2893565.5581213133,0.26640625,2893565.291715063
93748,2901690.516516485,0.26640625,2901690.2501102346
70186,2901973.0189324743,0.26640625,2901972.752526224
82671,3083460.4390080213,0.26640625,3083460.172601771
69429,3694638.752059441,0.26640625,3694638.485653191
67744,3908781.472571003,0.26640625,3908781.2061647526
52078,4037227.8373802872,0.26640625,4037227.570974037
26480,4101286.015943885,0.26640625,4101285.7495376347
60243,4565791.950682744,0.26640625,4565791.684276494
87834,4692493.479352026,0.26640625,4692493.212945776
52891,4760848.052390747,0.26640625,4760847.785984497
26756,9150564.830973577,0.26640625,9150564.564567327
4760,12078196.212313103,0.26640625,12078195.945906853
42783,13911497.809241941,0.26640625,13911497.542835692
81092,17110743.634641446,0.26640625,17110743.368235197
2958,18615169.627192147,0.26640625,18615169.360785898
26034,26332319.79960598,0.26640625,26332319.53319973
69483,41856820.806569934,0.26640625,41856820.54016368
86646,145690529.95953655,0.26640625,145690529.6931303
87683,148843850.75224665,0.26640625,148843850.4858404
