item,weight_vector,weight,difference
106138,-18100783959164.574,0.26640625,-18100783959164.84
27909,-24692790800.76502,0.26640625,-24692790801.031425
84838,-11104055748.203018,0.26640625,-11104055748.469425
125077,-4177844964.689347,0.26640625,-4177844964.955753
120138,-2971744401.805769,0.26640625,-2971744402.072175
82591,-500459793.095295,0.26640625,-500459793.36170125
86947,-207738216.9166759,0.26640625,-207738217.18308213
90845,-31989120.150217704,0.26640625,-31989120.416623954
100553,-23970366.81496482,0.26640625,-23970367.08137107
114066,-16346769.676283794,0.26640625,-16346769.942690043
58649,-12971948.200005101,0.26640625,-12971948.46641135
72505,-6520464.781493565,0.26640625,-6520465.047899815
93139,-5786180.310773105,0.26640625,-5786180.577179356
27320,-2517068.782302002,0.5328125,-2517069.315114502
93008,-1863347.704823307,0.26640625,-1863347.971229557
125543,-1781494.4159751753,0.26640625,-1781494.6823814253
104780,-1338071.1277173473,0.26640625,-1338071.3941235973
6511,-832572.103843082,0.26640625,-832572.3702493319
33247,-690524.8332992755,0.26640625,-690525.0997055254
4461,-546391.4408792662,0.26640625,-546391.7072855162
62213,-110112.76823232157,0.26640625,-110113.03463857157
26749,-66036.1506116147,0.26640625,-66036.4170178647
2343,-44229.94894792221,0.26640625,-44230.21535417221
95482,-35950.14687418086,0.26640625,-35950.413280430854
101855,-25649.26383460919,0.26640625,-25649.530240859192
318,-17911.216646988443,1146.346093750093,-19057.562740738536
91470,-16958.964223971776,0.26640625,-16959.230630221777
43567,-10258.942402728724,0.26640625,-10259.208808978725
103269,-9607.448462173485,0.26640625,-9607.714868423485
858,-6998.684248682865,596.217187499999,-7594.901436182863
3123,-4936.630641203414,0.26640625,-4936.8970474534135
1830,-2893.3276817466617,0.5328125,-2893.860494246662
88282,-2714.1604288644344,0.26640625,-2714.426835114434
27451,-2708.586694124169,0.26640625,-2708.8531003741687
87834,-2254.6983198524845,0.26640625,-2254.9647261024843
71556,-1799.903638474616,0.26640625,-1800.170044724616
26644,-1666.8816319669963,0.26640625,-1667.1480382169964
2958,-1535.6352843984666,0.26640625,-1535.9016906484667
25987,-1444.1667383580473,0.26640625,-1444.4331446080473
296,-135.92482220168472,1147.411718750093,-1283.3365409517778
93040,-1199.967921683144,1.86484375,-1201.832765433144
54284,-1178.862016630613,0.5328125,-1179.394829130613
356,-3.0975682559790596,1112.7789062500872,-1115.8764745060662
593,9.859468074388086,1056.0343750000775,-1046.1749069256894
527,-252.45554517902974,790.1609375000321,-1042.6164826790618
47538,-1008.2910204359644,0.26640625,-1008.5574266859644
100003,-950.5549176868582,0.26640625,-950.8213239368582
50,-244.0648310731573,683.5984375000139,-927.6632685731712
480,-5.85618325890205e-14,925.2289062500552,-925.2289062500553
260,-86.57854799276558,805.8789062500348,-892.4574542428004
110,-0.5469113687790701,839.1796875000405,-839.7265988688196
457,0.0003126919308274784,835.9828125000399,-835.9824998081091
150,-1.523582913463046e-11,832.2531250000393,-832.2531250000545
590,6.929180540212348e-07,809.3421875000354,-809.3421868071173
1,0.0015867308269439592,771.778906250029,-771.777319519202
589,0.0013845994733785625,757.9257812500266,-757.9243966505533
7502,-651.4752115932845,68.46640625000032,-719.9416178432848
588,-4.669934118498205e-13,699.0500000000166,-699.050000000017
32,2.1473611824147643e-12,692.3898437500154,-692.3898437500133
2571,6.4687250990665,674.8070312500124,-668.3383061509459
344,-6.260086409341971e-07,667.8804687500112,-667.8804693760198
93322,-661.0800771656584,0.26640625,-661.3464834156584
1210,0.9532304853034811,623.3906250000036,-622.4373945147001
2959,-75.11280411813547,545.8664062499904,-620.9792103681259
2858,0.986607451974346,599.1476562499995,-598.1610487980251
608,0.45976968777892585,598.3484374999994,-597.8886678122204
99764,-590.5441388178675,0.5328125,-591.0769513178675
47,-0.5215675196601517,571.1749999999947,-571.6965675196549
1198,-56.00833299096856,510.43437499998464,-566.4427079909532
595,-0.000567183071088649,565.3140624999937,-565.3146296830648
364,-5.761263618415209e-05,542.4031249999898,-542.403182612626
60309,-531.1452832832948,0.26640625,-531.4116895332949
1196,14.336685143613185,526.152343749987,-511.81565860637386
78986,-503.29625724696825,0.26640625,-503.56266349696824
231,0.012603504826925193,503.24140624998495,-503.228802745158
34,0.000175164038003635,466.2109374999865,-466.2107623359485
4993,17.91821297514075,475.53515624998613,-457.61694327484537
7153,-59.97090502813417,396.9453124999895,-456.91621752812364
5952,-11.778317091775547,437.97187499998773,-449.75019209176327
2028,0.934848499114401,436.1070312499878,-435.1721827508734
1270,-3.074642123892984e-05,429.9796874999881,-429.97971824640933
2762,0.01829053612888486,424.1187499999883,-424.10045946385947
2019,-293.31137088209783,105.49687500000071,-398.80824588209856
1197,-10.695712516957686,364.97656249999085,-375.67227501694856
1721,-4.3462288820963317e-11,366.3085937499908,-366.3085937500343
17,0.07707207914089026,360.44765624999104,-360.3705841708502
1193,-7.561017764909211,350.59062499999146,-358.15164276490066
750,-120.02340572253802,236.56874999999633,-356.59215572253436
3578,0.04573763408942573,351.6562499999914,-351.61051236590197
62,-7.540550751572978e-16,350.3242187499915,-350.3242187499915
4306,3.5585759979399025e-19,349.7914062499915,-349.7914062499915
4226,-0.6068010746064664,346.32812499999164,-346.93492607459814
670,-333.1336674027084,7.9921875000000036,-341.1258549027084
36,2.4218912116264638e-30,335.9382812499921,-335.9382812499921
1136,-0.5478471087039525,326.0812499999925,-326.62909710869644
4973,-2.8526460580831627,312.7609374999931,-315.61358355807624
1221,31.08898343881185,344.9960937499917,-313.90711031117985
541,0.06433636997171009,313.56015624999304,-313.4958198800213
58559,10.092287825904819,322.61796874999266,-312.52568092408785
1240,4.881746230882419e-08,310.0968749999932,-310.0968749511757
912,-14.701331894694984,293.8460937499939,-308.5474256446889
1097,-1.3349052274597934e-19,303.96953124999345,-303.96953124999345
1214,-0.0296595850592877,286.9195312499942,-286.94919083505346
3226,-285.67703148211734,0.5328125,-286.2098439821173
111,-0.09347639046452627,284.2554687499943,-284.3489451404588
1617,-1.358345477557247e-06,280.79218749999444,-280.7921888583399
1291,0.011389851965736518,280.52578124999445,-280.5143913980287
1036,-0.0011572017671906297,278.66093749999453,-278.6620947017617
2997,4.69990326810105e-07,278.39453124999454,-278.39453078000423
1213,-0.1045810660932662,268.80390624999495,-268.9084873160882
2632,-265.3370280757771,0.26640625,-265.6034343257771
2329,-0.9342527282693368,264.54140624999513,-265.47565897826445
3996,-1.2834401068760698e-25,265.0742187499951,-265.0742187499951
1356,-1.5376971345381037e-11,261.87734374999525,-261.87734375001065
293,0.0007192827339462449,261.34453124999527,-261.34381196726133
1704,-0.09384278635384263,258.9468749999954,-259.0407177863492
223,2.2982485190801976e-11,256.2828124999955,-256.2828124999725
1089,0.39784004046164223,251.75390624999568,-251.35606620953405
778,0.000669163554911512,249.35624999999578,-249.35558083644088
4886,2.544545026219537e-18,246.95859374999588,-246.95859374999588
2396,1.2358243788732423e-12,246.6921874999959,-246.69218749999467
3114,0.00015881193509171084,244.82734374999598,-244.8271849380609
7361,-0.038027179174115085,243.22890624999604,-243.26693342917017
6539,-1.892835132524395e-09,242.1632812499961,-242.16328125188892
104,-1.772627321520852e-11,241.8968749999961,-241.89687500001384
924,6.536438113968638e-09,239.7656249999962,-239.76562499345977
1961,5.052199222462773e-14,235.50312499999637,-235.50312499999632
1200,0.002672677705138654,234.43749999999642,-234.43482732229128
6377,-3.6480726204293795e-13,229.10937499999665,-229.10937499999702
1923,-5.986978633110938e-16,224.04765624999686,-224.04765624999686
1208,-0.09006794124535479,223.51484374999688,-223.60491169124225
1206,-0.0014500613583634289,215.78906249999721,-215.79051256135557
1148,-46.523275196664706,162.5078124999995,-209.0310876966642
1307,8.63097714123788e-09,204.3335937499977,-204.3335937413667
4995,2.2729541033713237e-11,203.26796874999775,-203.267968749975
6874,-1.0279542891201756e-06,203.00156249999776,-203.00156352795204
1225,1.9580618973288974e-08,201.40312499999783,-201.4031249804172
58,-0.0018443978797821501,199.5382812499979,-199.5401256478777
79132,-1.9586460939779335,196.07499999999806,-198.033646093976
3147,0.0013765975015643042,197.140624999998,-197.13924840249643
2502,1.2978235939699021e-08,196.60781249999803,-196.6078124870198
1258,-9.49021872679698e-07,195.0093749999981,-195.00937594901998
919,0.2621419167433904,195.0093749999981,-194.7472330832547
1610,-1.7897248374982913e-17,194.47656249999812,-194.47656249999812
8961,5.630172767158009e-16,189.94765624999832,-189.94765624999832
1080,-4.097806371329579e-13,186.48437499999847,-186.48437499999886
1246,-7.093289371281428e-10,181.42265624999868,-181.422656250708
923,0.9708685863888787,180.35703124999873,-179.38616266360984
2918,-1.6010854698171525e-12,179.29140624999877,-179.29140625000036
2324,20.503006754971846,199.5382812499979,-179.03527449502607
33794,1.4082065023605793e-08,175.02890624999895,-175.02890623591688
1222,-1.1584464792131611e-07,174.229687499999,-174.22968761584363
4878,0.0003577520023775665,174.229687499999,-174.22932974799662
497,-7.4179138132522175e-16,172.89765624999905,-172.89765624999905
908,-7.182733913867469,164.9054687499994,-172.08820266386687
1387,3.5132712752551432e-06,171.8320312499991,-171.8320277367278
92094,-170.09757932681117,0.5328125,-170.63039182681118
71993,-167.97295674388218,0.26640625,-168.23936299388217
2791,1.0351425747196867e-13,167.0367187499993,-167.03671874999918
1230,0.006156124304020401,167.0367187499993,-167.03056262569527
7438,-3.1713233627209625e-15,166.23749999999933,-166.23749999999933
922,-98.95731977818025,66.06875000000029,-165.02606977818056
1259,6.022900630437745e-14,163.30703124999945,-163.3070312499994
1219,0.0005970217724578138,162.77421874999948,-162.77362172822703
265,-6.451678314515363e-11,161.70859374999952,-161.70859375006404
5418,1.7251561068509314e-12,159.31093749999962,-159.3109374999979
1304,1.0327249947022348e-08,159.31093749999962,-159.31093748967237
720,-54.45058355070862,104.1648437500007,-158.6154273007093
1732,1.2378508331775052e-07,157.4460937499997,-157.44609362621463
2700,-1.2665145705586951e-10,155.0484374999998,-155.04843750012645
1233,-0.0363684860813753,152.11796874999993,-152.15433723608132
4011,0.027742004184865915,152.11796874999993,-152.09022674581507
904,17.594937544147122,168.90156249999922,-151.3066249558521
105943,-150.81341874743558,0.26640625,-151.07982499743557
2692,-2.5090147625422477e-09,151.05234374999998,-151.052343752509
1247,9.43398097804296e-07,150.7859375,-150.78593655660188
48516,0.03345731715415544,150.7859375,-150.75248018284583
1252,-0.35294254675659775,149.98671875000002,-150.33966129675662
920,-0.00010908666865354534,149.18750000000006,-149.18760908666872
1203,-8.682755415945305,138.26484375000052,-146.94759916594583
1207,-2.217008813855551,142.79375000000033,-145.0107588138559
745,-11.108627531551312,133.73593750000072,-144.84456503155204
1358,9.12226184569074e-11,143.5929687500003,-143.59296874990906
246,-0.00019531871207989653,143.06015625000032,-143.0603515687124
87511,-141.15447562871523,0.26640625,-141.42088187871522
6016,28.429636748336613,169.1679687499992,-140.7383320016626
1204,-0.032297493913754825,140.39609375000043,-140.42839124391418
1234,-1.3343789040983398,138.26484375000052,-139.59922265409887
2268,-7.118474492448924e-17,139.0640625000005,-139.0640625000005
903,0.03723555746186105,139.0640625000005,-139.02682694253863
5618,3.6369507103050758,142.52734375000034,-138.89039303969525
7483,-138.4213832470129,0.26640625,-138.6877894970129
2933,-136.98832145452485,1.33203125,-138.32035270452485
1288,2.2111716401072152e-07,138.26484375000052,-138.26484352888335
913,-0.2181166628806277,137.19921875000057,-137.4173354128812
77658,-119.74582145483707,14.918749999999985,-134.66457145483704
3949,-0.004801126929368829,134.0023437500007,-134.00714487693008
2542,3.057522236900678e-05,133.20312500000074,-133.20309442477836
953,-0.3854665305459289,129.4734375000009,-129.85890403054682
1250,-0.09394066154842932,128.14140625000095,-128.23534691154939
333,2.901305149402194e-23,125.47734375000093,-125.47734375000093
44191,1.1538230974233138e-13,124.94453125000092,-124.94453125000081
32587,2.924699036814065e-18,124.67812500000092,-124.67812500000092
2804,7.977452676039036e-05,123.87890625000091,-123.87882647547416
1278,-6.195707013352522e-15,123.0796875000009,-123.0796875000009
60069,-2.3952652795150715e-06,122.5468750000009,-122.54687739526618
1035,0.12078398967730589,121.21484375000088,-121.09405976032357
59315,-5.30105928248137e-09,120.68203125000088,-120.68203125530194
1242,1.8428774295174436e-11,117.48515625000084,-117.48515624998241
1028,1.8332412558913358e-07,116.15312500000083,-116.15312481667671
910,9.545940280326892e-05,114.55468750000081,-114.55459204059801
1276,0.0003307273939362635,113.2226562500008,-113.22232552260687
899,-1.788330827455593,109.75937500000076,-111.54770582745635
1199,-6.623494076355654e-05,110.55859375000077,-110.55865998494153
1266,3.698357326953222e-25,108.96015625000075,-108.96015625000075
72998,-7.713360576274e-09,107.89453125000074,-107.89453125771409
1201,-0.04292236523601805,107.36171875000073,-107.40464111523676
668,-100.56898625684126,4.795312500000001,-105.36429875684127
914,2.955394797301209e-07,104.6976562500007,-104.69765595446123
969,-0.007097229990943959,103.36562500000069,-103.37272222999164
29,1.7346006263325487e-08,103.36562500000069,-103.36562498265468
68157,1.2412894172446313e-06,102.56640625000068,-102.56640500871127
5518,-101.95261592019563,0.26640625,-102.21902217019563
8368,-2.8731660053767355e-21,101.50078125000067,-101.50078125000067
48780,-2.8405519141940883e-07,100.16875000000066,-100.16875028405585
1293,1.7210939695714326e-09,100.16875000000066,-100.16874999827957
54286,4.955029905301042e-06,99.63593750000065,-99.63593254497074
1997,-8.203580454527309e-07,99.36953125000065,-99.36953207035869
1954,6.807623470464318e-08,97.77109375000063,-97.7710936819244
3421,9.574447707452754e-08,97.50468750000063,-97.50468740425615
1172,0.07764788026761152,96.70546875000062,-96.62782086973301
68954,1.2788767159547187e-05,96.43906250000062,-96.43904971123345
48394,-2.1138074454737838e-11,95.3734375000006,-95.37343750002174
1263,1.8289255929632903e-12,94.3078125000006,-94.30781249999876
1262,0.21119504639419395,92.97578125000058,-92.76458620360638
1212,-38.43902562898453,52.74843750000016,-91.18746312898469
306,-0.006549303701572445,90.84453125000056,-90.85108055370213
3000,0.004916891231952002,88.97968750000054,-88.97477060876858
5995,-7.566426417733459e-07,88.71328125000053,-88.71328200664317
63082,7.243241207999688e-29,86.58203125000051,-86.58203125000051
1223,0.26260491306580813,84.71718750000049,-84.45458258693468
55820,-4.925534561634796e-07,83.91796875000048,-83.91796924255394
33493,-1.4340547922198786e-29,83.65156250000048,-83.65156250000048
40815,-3.0336387432022677e-19,83.38515625000048,-83.38515625000048
1272,-0.0005815805982692068,82.31953125000047,-82.32011283059873
93988,-79.54468361866097,1.065625,-80.61030861866097
307,6.892246156588734e-07,79.65546875000044,-79.65546806077582
800,-3.985594131421345e-05,78.58984375000043,-78.58988360594174
1287,-5.220754289027533e-10,78.05703125000042,-78.0570312505225
1244,2.9054317311699248e-05,77.79062500000042,-77.79059594568311
30749,-6.695287931961027e-07,77.52421875000041,-77.5242194195292
1228,-0.00042999389707912934,76.99140625000041,-76.9918362438975
1022,1.467968827654467e-20,74.86015625000039,-74.86015625000039
68358,-6.274614880963278e-06,74.32734375000038,-74.32735002461526
4262,1.1301868569363011e-09,74.06093750000038,-74.06093749887019
1235,-4.866232018836469e-12,73.79453125000038,-73.79453125000524
232,-2.095394033660449e-13,73.52812500000037,-73.52812500000059
1768,-72.08110552365734,0.7992187500000001,-72.88032427365734
1267,-0.0017595870872548463,72.72890625000036,-72.73066583708761
69122,1.020731203559452e-18,72.46250000000036,-72.46250000000036
898,0.11206919365319257,71.13046875000035,-71.01839955634715
50613,-70.49634866905127,0.26640625,-70.76275491905128
104636,-69.94168491593204,0.26640625,-70.20809116593205
3275,-0.012627958894759119,70.06484375000034,-70.07747170889509
3552,6.79693221228258e-09,68.73281250000032,-68.73281249320338
1269,5.483260030489209e-07,68.73281250000032,-68.73281195167432
2686,6.238185559164082e-13,68.46640625000032,-68.4664062499997
3396,3.3208123520604236e-13,68.20000000000032,-68.19999999999999
34405,-1.2092950472903645e-05,67.93359375000031,-67.93360584295078
1947,-3.4550065616734168e-18,67.93359375000031,-67.93359375000031
162,2.4883732409694814e-09,67.1343750000003,-67.13437499751193
1041,9.426750232115234e-08,67.1343750000003,-67.1343749057328
1299,-3.084879187733573e-07,66.6015625000003,-66.60156280848821
1104,-5.6226034852337183e-14,66.6015625000003,-66.60156250000036
1231,9.259767881532174e-22,66.6015625000003,-66.6015625000003
1175,3.5206090745779882e-15,66.6015625000003,-66.6015625000003
44555,4.769214364465879,68.99921875000032,-64.23000438553444
33166,5.777437381319645e-15,63.13828125000027,-63.13828125000026
72094,-60.26578519428388,0.26640625,-60.53219144428388
60393,-60.09731549666674,0.26640625,-60.36372174666674
81845,5.2195879958967784e-05,59.142187500000226,-59.142135304120266
916,2.907683819539383e-05,57.81015625000021,-57.810127173162016
1284,-1.6661581754054553,55.94531250000019,-57.61147067540565
1952,-2.5581977796162187e-13,56.7445312500002,-56.744531250000456
78499,-0.00256919943117958,56.211718750000195,-56.21428794943137
89745,0.007238210216142111,55.94531250000019,-55.93807428978405
5971,-0.5144206298645829,54.61328125000018,-55.12770187986476
1884,1.1744528002434256e-21,53.28125000000016,-53.28125000000016
31658,0.0007305044538025213,52.74843750000016,-52.74770699554635
1534,-51.272934585171896,0.5328125,-51.805747085171895
954,4.628857827794279e-06,51.41640625000014,-51.41640162114231
91529,0.04743299425546902,51.15000000000014,-51.102567005744675
76093,0.00015029227649146655,50.617187500000135,-50.61703720772364
26073,-49.57828570681564,0.5328125,-50.11109820681564
27773,-0.000511656557923477,49.551562500000124,-49.55207415655805
99114,-0.0025095712667207812,49.28515625000012,-49.28766582126684
1537,-2.6068480668251853e-05,49.28515625000012,-49.285182318480786
54001,-8.24583691123392e-12,49.28515625000012,-49.28515625000836
994,3.23837164228226e-29,49.28515625000012,-49.28515625000012
2067,-5.580717521708872e-14,49.01875000000012,-49.018750000000175
105563,-48.68527443208749,0.26640625,-48.95168068208749
64614,-5.08725894197048e-16,48.21953125000011,-48.21953125000011
1256,-0.0030001980123496043,46.887500000000095,-46.89050019801245
1982,1.3405372286158e-13,46.08828125000009,-46.08828124999995
44665,5.147171619606103e-17,43.157812500000055,-43.157812500000055
2186,-0.10534864416704307,42.89140625000005,-42.9967548941671
290,-1.4747236448958733e-20,42.89140625000005,-42.89140625000005
1086,2.1081202966784057e-10,42.35859375000005,-42.358593749789236
92259,-5.549981406965157,35.96484374999998,-41.51482515696514
71433,-40.78527607852207,0.26640625,-41.05168232852207
2795,-7.781980740910667e-10,41.02656250000003,-41.02656250077823
909,1.3080119429791146e-10,41.02656250000003,-41.02656249986923
1945,0.019825351339145945,41.02656250000003,-41.00673714866089
4235,4.531495900917505e-16,39.69453125000002,-39.69453125000002
3030,-7.054776047279516,32.50156249999994,-39.55633854727946
1254,0.0585042927772031,39.16171875000001,-39.10321445722281
3083,-5.643047260647396e-09,38.89531250000001,-38.895312505643055
2398,-8.295052690748482e-08,38.62890625000001,-38.628906332950535
2351,-29.523318808060154,9.0578125,-38.58113130806015
68237,3.8589295138196595e-14,38.362500000000004,-38.36249999999997
5782,0.0017337883625372327,38.362500000000004,-38.36076621163747
1260,-6.2657879693210425,31.96874999999994,-38.23453796932098
1283,1.0285910294294391e-05,38.09609375,-38.09608346408971
8957,-4.384068141572316e-18,37.8296875,-37.8296875
82,0.2642052761225413,37.8296875,-37.56548222387746
3504,1.9777276403219765e-17,37.563281249999996,-37.563281249999996
930,1.4342575323315236,38.89531250000001,-37.46105496766849
8533,-4.364210383578252e-07,37.03046874999999,-37.03046918642103
56782,-2.2568992164550683e-21,37.03046874999999,-37.03046874999999
55247,1.5077817012727645e-15,36.76406249999999,-36.76406249999999
3435,6.859957357731325,43.157812500000055,-36.29785514226873
1224,0.017875101752378195,35.96484374999998,-35.9469686482476
933,-6.786800394750707e-13,35.698437499999976,-35.69843750000066
28,5.5187166260689326e-06,35.43203124999997,-35.432025731283346
1248,-0.7115203141620368,34.632812499999964,-35.344332814162
66934,-0.11365586316225958,35.16562499999997,-35.27928086316223
81834,-0.0020138220465491905,34.36640624999996,-34.36842007204651
3683,-6.73187458780395e-20,34.09999999999996,-34.09999999999996
88125,0.055766416080713074,34.09999999999996,-34.044233583919244
26614,-0.004240507317023004,33.833593749999956,-33.83783425731698
1243,1.0297341386594057e-15,33.03437499999995,-33.03437499999995
1147,0.05723781116227166,32.50156249999994,-32.44432468883767
69844,-2.149532026461996e-07,31.96874999999994,-31.968750214953143
955,8.546151324834511e-09,31.96874999999994,-31.968749991453787
940,-1.6561324585938093e-14,31.43593749999994,-31.43593749999996
1237,0.006886147073364076,31.43593749999994,-31.429051352926578
6787,-2.454711937046725e-11,31.16953124999994,-31.169531250024487
928,-5.56394065887883e-05,30.636718749999943,-30.636774389406533
1209,0.16431169435833196,30.370312499999944,-30.20600080564161
6350,-3.435038174552176e-09,30.103906249999945,-30.10390625343498
1300,-5.586118638605231e-18,29.837499999999945,-29.837499999999945
1023,2.605280020969646e-05,29.837499999999945,-29.837473947199737
1217,-0.47107001996043046,29.038281249999947,-29.509351269960376
5291,-0.32695651587996694,28.771874999999948,-29.098831515879915
3462,0.17919289458774787,29.038281249999947,-28.8590883554122
911,0.0001885858830029769,28.771874999999948,-28.771686414116946
1131,-0.040830152408702004,28.50546874999995,-28.54629890240865
27611,0.005549492514263555,28.50546874999995,-28.499919257485686
951,-0.09286582419152353,27.97265624999995,-28.065522074191474
1211,-2.251183984642338e-07,27.97265624999995,-27.97265647511835
905,-0.49449209659230053,27.43984374999995,-27.93433584659225
926,9.251108689844777,37.03046874999999,-27.779360060155213
3088,1.4045386260053426e-13,27.43984374999995,-27.43984374999981
8132,-1.3299275227135517e-05,27.173437499999952,-27.17345079927518
3095,1.012567129104187e-07,27.173437499999952,-27.17343739874324
7099,0.0001018983949136417,27.173437499999952,-27.17333560160504
3468,0.0023874206279091825,27.173437499999952,-27.171050079372044
1280,0.08178360369888192,27.173437499999952,-27.09165389630107
31410,-2.368201883161711e-16,26.907031249999953,-26.907031249999953
3089,0.04366773199271206,26.907031249999953,-26.86336351800724
965,8.428201844959204e-18,26.374218749999955,-26.374218749999955
112852,2.689550813359817e-08,25.574999999999957,-25.574999973104447
1446,4.394731980785758e-08,25.574999999999957,-25.574999956052636
1281,-5.240148535098942e-07,25.308593749999957,-25.308594274014812
40629,-4.660594686277424e-21,25.308593749999957,-25.308593749999957
5690,0.0004505297070672402,25.308593749999957,-25.30814322029289
3730,-1.132858951552317e-07,24.77578124999996,-24.775781363285855
1303,3.1134758523753e-12,24.50937499999996,-24.509374999996847
1719,4.516265353743626e-19,24.24296874999996,-24.24296874999996
2357,-0.005131684014248249,23.97656249999996,-23.98169418401421
3307,-1.0631483743653862,22.910937499999964,-23.97408587436535
93628,-23.565446218968418,0.26640625,-23.831852468968417
109374,9.918390792803702e-10,23.71015624999996,-23.710156249008122
2132,2.1754215393038595e-05,23.71015624999996,-23.71013449578457
950,0.975455925392418,24.50937499999996,-23.533919074607542
2731,0.2019085189248656,23.71015624999996,-23.508247731075095
714,-1.2272130015502191e-17,23.443749999999962,-23.443749999999962
1251,0.0002116779032889609,23.177343749999963,-23.177132072096676
109487,-8.405259154955069e-05,22.378124999999965,-22.378209052591515
2973,3.164809102539103e-14,22.378124999999965,-22.378124999999933
1132,3.0281776219953456e-05,22.111718749999966,-22.111688468223747
61240,2.382995476672396e-15,21.845312499999967,-21.845312499999963
98809,2.8567385728353616e-13,21.845312499999967,-21.845312499999682
1950,-5.395270115534109e-09,21.578906249999967,-21.57890625539524
6331,-7.924205416732315e-19,21.578906249999967,-21.578906249999967
94959,-4.905996320522283e-30,21.312499999999968,-21.312499999999968
55442,-8.69037121946399e-27,20.77968749999997,-20.77968749999997
1178,7.2432541602604665,27.97265624999995,-20.729402089739484
7669,-2.919989878852878,17.31640624999998,-20.236396128852856
4857,-1.3489169141763034e-12,19.714062499999972,-19.714062500001322
3983,1.4318782017880774e-07,19.447656249999973,-19.447656106812154
7156,0.0003277579880592758,19.447656249999973,-19.447328492011913
3359,2.956846099198605e-14,19.181249999999974,-19.181249999999945
942,9.543940174621303e-05,19.181249999999974,-19.181154560598227
581,7.217405551371425e-14,18.914843749999974,-18.914843749999903
213,0.00015260235183825238,18.648437499999975,-18.648284897648136
678,-0.005777053961304957,18.382031249999976,-18.387808303961283
1218,0.0068540112841909825,18.382031249999976,-18.375177238715786
129707,-17.99506601608561,0.26640625,-18.261472266085608
3196,6.191196943265154e-05,18.115624999999977,-18.115563088030544
1264,4.2018870576812816e-20,17.849218749999977,-17.849218749999977
3334,3.04373253293963e-17,17.849218749999977,-17.849218749999977
8228,1.3288603665885818e-08,17.849218749999977,-17.849218736711375
3429,-0.1009600848059167,17.31640624999998,-17.417366334805894
1189,-0.02356784243661833,17.04999999999998,-17.0735678424366
3035,-1.2288477407278701e-05,17.04999999999998,-17.050012288477387
116,0.016066642618649197,17.04999999999998,-17.03393335738133
1273,-0.00010099269095909766,16.78359374999998,-16.78369474269094
599,4.0079384667514653e-16,16.78359374999998,-16.78359374999998
2360,0.34541549774573765,17.04999999999998,-16.704584502254242
4144,4.0529874614243935e-07,16.51718749999998,-16.517187094701235
7256,3.0769118810446335e-06,16.25078124999998,-16.2507781730881
72641,-5.7771901387593536e-08,15.984374999999982,-15.984375057771883
112556,-6.464262435880725e-18,15.984374999999982,-15.984374999999982
27646,-15.112921559962945,0.5328125,-15.645734059962946
1734,-5.829933074768649e-06,15.451562499999984,-15.451568329933059
97,-9.041332370131704e-16,15.451562499999984,-15.451562499999985
2068,-4.797940396657652e-18,15.451562499999984,-15.451562499999984
1927,1.0833360077298204e-24,15.451562499999984,-15.451562499999984
3022,-0.7879731263806443,14.652343749999986,-15.44031687638063
2859,-0.005758936233362692,15.185156249999984,-15.190915186233347
945,-5.957238684486287e-05,15.185156249999984,-15.18521582238683
2203,-0.37723500863646653,14.652343749999986,-15.029578758636452
102445,1.2469574545391252e-14,14.385937499999986,-14.385937499999974
2208,4.2046946833404505e-06,14.119531249999987,-14.119527045305304
96821,4.1737103257932115e-11,13.853124999999988,-13.85312499995825
6669,-5.833174090063471,7.9921875000000036,-13.825361590063475
95835,-13.406964972704703,0.26640625,-13.673371222704702
1361,-0.03143666846068151,13.586718749999989,-13.61815541846067
3741,-7.656364156257969e-07,13.586718749999989,-13.586719515636405
8014,-1.0647916512805148e-11,13.586718749999989,-13.586718750010636
2575,7.270596424610191e-26,13.586718749999989,-13.586718749999989
3469,0.00022641333847921036,13.586718749999989,-13.58649233666151
2843,0.0002265366003457348,13.32031249999999,-13.320085963399643
3811,5.393830777491796e-12,13.05390624999999,-13.053906249994597
1046,-0.15907810802590996,12.78749999999999,-12.9465781080259
3819,0.0009840507555846083,12.78749999999999,-12.786515949244405
5008,-0.1811062804718111,12.521093749999991,-12.702200030471802
1066,1.261438859003418e-14,12.254687499999992,-12.25468749999998
106489,9.629353228199374e-12,12.254687499999992,-12.254687499990363
3467,-7.015457359442814e-14,11.988281249999993,-11.988281250000062
326,-0.1584676199688256,11.721874999999994,-11.88034261996882
2920,-4.02312888648202,7.725781250000003,-11.748910136482024
947,-2.519340427651666e-06,11.721874999999994,-11.72187751934042
88810,-4.222729088006864e-09,11.721874999999994,-11.721875004222722
52435,-5.738057571194713e-10,11.721874999999994,-11.7218750005738
3629,0.000479048166798674,11.721874999999994,-11.721395951833195
116797,-2.3062188490870492e-05,11.455468749999994,-11.455491812188486
8827,-2.360388512887217e-15,11.455468749999994,-11.455468749999996
112290,1.4291239009815494e-21,11.455468749999994,-11.455468749999994
3097,3.9923011338344813e-19,11.455468749999994,-11.455468749999994
1232,0.02306410750576925,11.455468749999994,-11.432404642494225
1949,0.02932121177161205,11.455468749999994,-11.426147538228383
906,-8.608889371155491e-13,11.189062499999995,-11.189062500000857
4427,8.546415006625287e-09,11.189062499999995,-11.18906249145358
3193,-10.734260895424232,0.26640625,-11.00066714542423
4914,1.3293652218550697e-10,10.922656249999996,-10.922656249867059
467,-2.902827933536189e-06,10.656249999999996,-10.65625290282793
4406,-1.6069259672060327e-31,10.389843749999997,-10.389843749999997
2726,7.899542432336139e-05,10.389843749999997,-10.389764754575674
8403,-9.408654434371241,0.7992187500000001,-10.207873184371241
77455,4.000104612811885e-22,9.857031249999999,-9.857031249999999
65025,-9.356330003096154,0.26640625,-9.622736253096154
1939,-0.006345787206674594,9.590625,-9.596970787206674
665,2.2066062236437853e-06,9.590625,-9.590622793393775
71899,-1.2462154614115707e-15,9.32421875,-9.324218750000002
26131,0.002103175930893583,9.32421875,-9.322115574069107
92498,-8.937376621719471,0.26640625,-9.20378287171947
3801,-3.061273209649735e-09,9.0578125,-9.057812503061275
3365,-2.786842642297118e-15,9.0578125,-9.057812500000004
3091,4.5241992059930426e-08,9.0578125,-9.05781245475801
3677,0.0005947099977479497,9.0578125,-9.057217790002253
86377,-0.4112568113167906,8.525000000000002,-8.936256811316794
59387,-2.1269762287573267e-12,8.791406250000001,-8.791406250002128
1226,7.57716565001924e-18,8.791406250000001,-8.791406250000001
2935,0.22847347221664913,8.791406250000001,-8.562932777783352
7063,-9.949705329393123e-12,8.258593750000003,-8.258593750009952
615,-4.319994749298226e-13,8.258593750000003,-8.258593750000434
2927,6.728275928169962e-17,8.258593750000003,-8.258593750000003
5147,0.005245491677943763,8.258593750000003,-8.25334825832206
86345,0.5823621349289261,8.791406250000001,-8.209044115071075
86646,-7.9291909568084975,0.26640625,-8.195597206808497
130490,-7.8219748480043725,0.26640625,-8.088381098004373
7327,0.6243771875039958,8.525000000000002,-7.900622812496007
65514,-6.020435550805584e-15,7.725781250000003,-7.72578125000001
936,-6.424410793679082e-16,7.725781250000003,-7.725781250000004
2624,2.4386664744631155e-14,7.725781250000003,-7.725781249999979
214,0.005741017877958164,7.725781250000003,-7.720040232122045
3077,0.010769204327871137,7.725781250000003,-7.7150120456721325
8154,6.142968322016454e-37,7.459375000000003,-7.459375000000003
96,-2.5134742359726665e-19,7.192968750000003,-7.192968750000003
7132,7.455942251624626e-12,7.192968750000003,-7.192968749992547
89939,-6.69897833144975,0.26640625,-6.96538458144975
3470,-0.0012405192102205582,6.660156250000003,-6.661396769210223
71033,-4.5567296634430165e-06,6.660156250000003,-6.6601608067296665
30803,-4.197175333051048e-06,6.660156250000003,-6.660160447175335
3090,-2.604781995724578e-08,6.660156250000003,-6.660156276047823
78772,-1.1774929772617212e-15,6.660156250000003,-6.6601562500000036
5385,7.935138285967182e-23,6.660156250000003,-6.660156250000003
2936,4.343851189484749e-09,6.660156250000003,-6.660156245656151
27815,9.217672528456375e-08,6.660156250000003,-6.660156157823278
7766,-2.3573615780744053e-06,6.3937500000000025,-6.39375235736158
7116,9.201197683290269e-22,6.3937500000000025,-6.3937500000000025
60487,6.853537606832622e-12,6.3937500000000025,-6.393749999993149
2330,0.009279569951094187,6.3937500000000025,-6.384470430048908
87413,-5.990492081683499,0.26640625,-6.256898331683499
2905,-0.3482397626606232,5.860937500000002,-6.209177262660625
80906,2.749518413609417e-14,6.127343750000002,-6.127343749999975
62336,2.2393986295274457e-07,6.127343750000002,-6.127343526060139
1236,0.003433493906894051,6.127343750000002,-6.123910256093108
96829,-2.8060168726183935e-06,5.860937500000002,-5.860940306016874
1809,-3.4661076892666207e-22,5.860937500000002,-5.860937500000002
57504,-8.154335575566248e-32,5.860937500000002,-5.860937500000002
4187,-2.973948077769689e-26,5.860937500000002,-5.860937500000002
104374,1.123424356923019e-05,5.860937500000002,-5.860926265756433
73881,0.0029992747630239757,5.860937500000002,-5.857938225236978
26133,-0.014376766926667433,5.594531250000002,-5.608908016926669
7064,-9.010153333215284e-09,5.594531250000002,-5.5945312590101555
55721,-4.441993742967875e-16,5.594531250000002,-5.594531250000003
6777,-8.152788072393968e-56,5.594531250000002,-5.594531250000002
2488,6.2353653737711085e-18,5.594531250000002,-5.594531250000002
907,-1.0063998703197866e-20,5.594531250000002,-5.594531250000002
106642,1.531142436413182e-05,5.594531250000002,-5.594515938575638
32853,-4.4245783803658965,1.065625,-5.490203380365896
7409,-5.080728657870583,0.26640625,-5.347134907870583
7013,-6.121615227113402e-05,5.328125000000002,-5.328186216152273
27251,-1.3500614233239464e-11,5.328125000000002,-5.328125000013502
363,-1.5453064065774893e-13,5.328125000000002,-5.328125000000156
1900,-0.19842688549332832,5.061718750000002,-5.26014563549333
824,-5.267495765791927e-10,5.061718750000002,-5.061718750526751
7215,-1.686969770319367e-13,5.061718750000002,-5.06171875000017
26729,-2.3227331695868786e-14,5.061718750000002,-5.061718750000025
3789,6.407213412488959e-28,5.061718750000002,-5.061718750000002
66371,1.175735433117704e-11,5.061718750000002,-5.061718749988244
26150,-0.19611231254014533,4.795312500000001,-4.991424812540147
86347,1.019599240994935,5.860937500000002,-4.841338259005067
3224,-0.018454035100958208,4.795312500000001,-4.813766535100959
2937,-0.011668305646450052,4.795312500000001,-4.806980805646451
85774,-5.128060096848123e-10,4.795312500000001,-4.795312500512807
74324,5.219981987360103e-13,4.795312500000001,-4.795312499999479
89774,5.180252044926621e-12,4.795312500000001,-4.795312499994822
9010,3.0303342194289596e-11,4.795312500000001,-4.795312499969698
71750,-4.428877344941973,0.26640625,-4.695283594941973
92535,3.6085169342206598,8.258593750000003,-4.650076815779343
112006,-3.8006808768884057,0.7992187500000001,-4.599899626888406
60904,-3.528596452106257,1.065625,-4.594221452106257
72129,-2.0819502471294645e-31,4.528906250000001,-4.528906250000001
27156,-1.1843177532250684e-28,4.528906250000001,-4.528906250000001
112552,0.020335668055373252,4.528906250000001,-4.508570581944628
8477,-2.0093782626511565e-09,4.262500000000001,-4.2625000020093795
3634,-1.017590471256977e-14,4.262500000000001,-4.262500000000011
38304,6.058698164155175e-22,4.262500000000001,-4.262500000000001
4928,2.5695377667861558e-15,4.262500000000001,-4.262499999999998
7234,1.0488763112741384e-11,4.262500000000001,-4.262499999989513
6650,2.7140342652766186e-09,4.262500000000001,-4.262499997285967
7700,0.028362213501713716,4.262500000000001,-4.234137786498287
113557,-3.904708422235796,0.26640625,-4.171114672235796
3415,-0.14834304001892298,3.9960937500000013,-4.144436790018925
33090,-3.7298680668793813,0.26640625,-3.9962743168793815
7587,-6.426295583598426e-06,3.9960937500000013,-3.996100176295585
4783,-7.265462410470043e-16,3.9960937500000013,-3.996093750000002
7075,5.9140259862793985e-24,3.9960937500000013,-3.9960937500000013
4422,3.4304773220004306e-10,3.9960937500000013,-3.9960937496569535
63433,1.7405137820137504e-09,3.9960937500000013,-3.9960937482594874
2609,1.8126862568515169e-07,3.9960937500000013,-3.9960935687313754
2066,0.003136441150907625,3.9960937500000013,-3.9929573088490935
94466,0.37354524304982706,4.262500000000001,-3.888954756950174
97779,-3.4984661772659695,0.26640625,-3.7648724272659697
65188,-2.283441052493104e-05,3.729687500000001,-3.7297103344105262
1312,-1.357642975041945e-07,3.729687500000001,-3.7296876357642987
5017,2.845649986482901e-20,3.729687500000001,-3.729687500000001
26903,1.0388173776861761e-29,3.729687500000001,-3.729687500000001
6254,-5.857118866369907e-22,3.729687500000001,-3.729687500000001
96488,-3.353531671014347e-24,3.729687500000001,-3.729687500000001
77846,1.1558101045956158e-25,3.729687500000001,-3.729687500000001
6509,-4.6166020493305755e-15,3.463281250000001,-3.4632812500000054
50851,-2.0014220443207123e-17,3.463281250000001,-3.463281250000001
31364,9.202659934256443e-16,3.463281250000001,-3.46328125
2607,3.653062282475713e-13,3.463281250000001,-3.4632812499996355
89759,9.37554106828799e-13,3.463281250000001,-3.4632812499990635
8580,6.253986918733735e-12,3.463281250000001,-3.463281249993747
1572,5.8768194008411885e-05,3.463281250000001,-3.4632224818059925
6783,0.0005341328757136443,3.463281250000001,-3.4627471171242874
55408,-3.0109795373322603,0.26640625,-3.2773857873322605
6460,2.150578547170451e-15,3.196875000000001,-3.1968749999999986
26649,1.7773812472089928e-10,3.196875000000001,-3.1968749998222625
3038,1.960199302189799e-08,3.196875000000001,-3.196874980398008
26528,0.09550528500338337,3.196875000000001,-3.1013697149966175
31116,-1.2317306255925104e-08,2.9304687500000006,-2.930468762317307
5839,-1.4885119441090807e-14,2.9304687500000006,-2.9304687500000157
3989,-9.286099743776404e-25,2.9304687500000006,-2.9304687500000006
26471,9.67923767544739e-08,2.9304687500000006,-2.930468653207624
3134,6.265263717596295,9.0578125,-2.7925487824037054
6643,-0.2909406014550063,2.3976562500000003,-2.6885968514550065
7762,-3.585271432363799e-24,2.6640625000000004,-2.6640625000000004
5475,-3.763187315710848e-18,2.6640625000000004,-2.6640625000000004
1169,1.1572541011689015e-16,2.6640625000000004,-2.6640625000000004
27727,1.7392068413823364e-17,2.6640625000000004,-2.6640625000000004
3456,9.000864684998678e-09,2.6640625000000004,-2.664062490999136
2839,6.123966032963608e-06,2.6640625000000004,-2.6640563760339675
7767,1.1343345562551488,3.729687500000001,-2.595352943744852
26082,-0.14874377282419157,2.3976562500000003,-2.5464000228241916
26326,-0.11055898528454478,2.3976562500000003,-2.508215235284545
97648,-2.1422393778985023,0.26640625,-2.4086456278985025
7566,-0.001341457205344349,2.3976562500000003,-2.3989977072053446
4432,-0.0004204395457754487,2.3976562500000003,-2.3980766895457757
8656,-2.311505868327157e-06,2.3976562500000003,-2.3976585615058688
3746,-5.401123548597957e-08,2.3976562500000003,-2.3976563040112358
7505,-2.275108161427025e-09,2.3976562500000003,-2.3976562522751084
7833,-8.779895197258561e-15,2.3976562500000003,-2.397656250000009
8491,1.5855878714260367e-17,2.3976562500000003,-2.3976562500000003
6375,1.9443167235641248e-18,2.3976562500000003,-2.3976562500000003
99813,5.581472133305203e-09,2.3976562500000003,-2.397656244418528
2925,0.002881966820202992,2.3976562500000003,-2.3947742831797973
8125,0.008093961157608572,2.3976562500000003,-2.3895622888423915
98956,-1.8319496433877371,0.5328125,-2.364762143387737
25750,-0.015298535361321641,2.13125,-2.1465485353613216
76132,-1.8725395815434485,0.26640625,-2.1389458315434484
4312,-0.0011286546363731278,2.13125,-2.132378654636373
8199,-8.200487356961077e-08,2.13125,-2.1312500820048736
98203,2.8628292315083127e-30,2.13125,-2.13125
7832,-8.574282718908924e-18,2.13125,-2.13125
78160,2.4845091175423233e-18,2.13125,-2.13125
2493,3.458941720378184e-10,2.13125,-2.131249999654106
601,1.9804914176205204e-09,2.13125,-2.1312499980195088
36363,1.9411780336055655e-08,2.13125,-2.13124998058822
84847,3.3639432838163095e-07,2.13125,-2.1312496636056717
8620,2.4521493877102044e-06,2.13125,-2.1312475478506125
27002,4.489116984874894e-05,2.13125,-2.131205108830151
108583,-0.12987082117928317,1.86484375,-1.994714571179283
52767,-1.424298480250126e-06,1.86484375,-1.8648451742984802
1893,-2.5073493993279905e-07,1.86484375,-1.8648440007349398
33124,-8.489000524890815e-08,1.86484375,-1.8648438348900052
5121,7.403497396045225e-21,1.86484375,-1.86484375
3736,4.7655061584084076e-14,1.86484375,-1.8648437499999522
7786,6.984453101574964e-13,1.86484375,-1.8648437499993014
8195,4.519478039012527e-12,1.86484375,-1.8648437499954804
73759,1.01121992736027e-09,1.86484375,-1.86484374898878
50740,1.290155617794496e-09,1.86484375,-1.8648437487098444
69524,3.8492511490288567e-07,1.86484375,-1.864843365074885
50658,1.5434988037001853e-05,1.86484375,-1.864828315011963
7396,0.0011014960036374582,1.86484375,-1.8637422539963624
74649,-1.496363386026535,0.26640625,-1.762769636026535
7926,0.11467332956012788,1.86484375,-1.750170420439872
1075,0.12021396712204145,1.86484375,-1.7446297828779584
5224,-0.668378282629517,1.065625,-1.734003282629517
92954,-1.1585012183701853,0.5328125,-1.6913137183701852
729,-0.0006586885775664168,1.5984375,-1.5990961885775663
26578,-0.0001299228474770336,1.5984375,-1.5985674228474769
25764,-3.906007081077479e-05,1.5984375,-1.5984765600708106
6611,-2.216433348499913e-05,1.5984375,-1.598459664333485
1133,-7.305891525820943e-06,1.5984375,-1.5984448058915257
32892,-5.993801395503338e-07,1.5984375,-1.5984380993801395
98124,-5.855476973577192e-07,1.5984375,-1.5984380855476974
86781,-8.014865601870184e-09,1.5984375,-1.5984375080148656
104944,-1.4303762908782084e-11,1.5984375,-1.5984375000143036
32460,-1.3994981956261861e-14,1.5984375,-1.598437500000014
5304,2.3595731239245474e-17,1.5984375,-1.5984375
3306,-7.285558831712238e-40,1.5984375,-1.5984375
25805,-2.361196722641943e-18,1.5984375,-1.5984375
5056,1.2602793072338797e-16,1.5984375,-1.5984374999999997
27857,1.7342411506748699e-15,1.5984375,-1.5984374999999982
25850,6.598765338653342e-14,1.5984375,-1.598437499999934
4298,1.5037553051691463e-05,1.5984375,-1.5984224624469483
1471,2.5723236526841113e-05,1.5984375,-1.5984117767634731
2512,0.00020800329323080992,1.5984375,-1.5982294967067692
3808,-0.13551170042360766,1.33203125,-1.4675429504236077
82143,-0.6528402840989667,0.7992187500000001,-1.4520590340989667
81497,-1.1814772592207974,0.26640625,-1.4478835092207973
103182,-1.1809899668846513,0.26640625,-1.4473962168846513
33779,-0.09522546432909751,1.33203125,-1.4272567143290975
6896,-0.06051620714383878,1.33203125,-1.3925474571438388
97697,-1.1072029747848338,0.26640625,-1.3736092247848337
1709,-0.5681741183840332,0.7992187500000001,-1.3673928683840333
50742,-0.01660142429229445,1.33203125,-1.3486326742922945
602,-0.001478998223560627,1.33203125,-1.3335102482235606
6433,-6.206788602231483e-10,1.33203125,-1.3320312506206788
7043,-4.9800057968135614e-15,1.33203125,-1.3320312500000049
27369,-1.4461776711954203e-24,1.33203125,-1.33203125
46855,1.8244642484843624e-18,1.33203125,-1.33203125
44889,4.216429064117551e-41,1.33203125,-1.33203125
27871,-2.132046964911845e-20,1.33203125,-1.33203125
7941,1.1907704969187205e-18,1.33203125,-1.33203125
871,-3.227953375545751e-18,1.33203125,-1.33203125
26122,6.51085105526242e-21,1.33203125,-1.33203125
5825,1.8904658077898455e-16,1.33203125,-1.3320312499999998
7759,2.5680566409098172e-14,1.33203125,-1.3320312499999742
7074,6.721750100791915e-07,1.33203125,-1.33203057782499
4404,3.374665532636267e-06,1.33203125,-1.3320278753344674
69849,7.805908968395189e-06,1.33203125,-1.3320234440910317
5498,1.578877201031743e-05,1.33203125,-1.3320154612279897
2931,0.0005689375829219671,1.33203125,-1.3314623124170781
2705,0.0006136646402201935,1.33203125,-1.3314175853597798
95311,0.0023985187096368034,1.33203125,-1.3296327312903633
6985,4.3074513595624735,5.594531250000002,-1.2870798904375285
95858,0.8535142115401148,2.13125,-1.2777357884598852
84716,-0.049479068660067606,1.065625,-1.1151040686600677
93265,-0.03364588459724429,1.065625,-1.0992708845972443
78162,-0.0008885744129769347,1.065625,-1.066513574412977
96606,-0.0008656082391361308,1.065625,-1.066490608239136
26094,-6.389545017656172e-05,1.065625,-1.0656888954501766
6935,-2.0649890344017295e-05,1.065625,-1.0656456498903442
3092,-5.620956511186435e-06,1.065625,-1.0656306209565112
4405,-3.7243681132768757e-06,1.065625,-1.0656287243681133
7301,-1.7924962804265769e-06,1.065625,-1.0656267924962806
25954,-5.21263817539464e-08,1.065625,-1.0656250521263817
25753,-4.649265958127394e-08,1.065625,-1.0656250464926595
74508,-2.4934860633068725e-11,1.065625,-1.065625000024935
7924,-8.352229164828414e-14,1.065625,-1.0656250000000835
26400,-2.0512127477640148e-32,1.065625,-1.065625
115122,8.401916381776121e-22,1.065625,-1.065625
5373,8.837692870916667e-16,1.065625,-1.0656249999999992
70637,2.009566473447738e-14,1.065625,-1.0656249999999798
2673,7.058938063656784e-11,1.065625,-1.0656249999294107
100556,1.390376254040185e-10,1.065625,-1.0656249998609624
42351,9.893287902819262e-10,1.065625,-1.0656249990106712
8516,4.885374288338166e-09,1.065625,-1.0656249951146257
1139,1.1104667203958146e-07,1.065625,-1.065624888953328
79006,6.934319714883605e-07,1.065625,-1.0656243065680286
26712,9.429826285808312e-07,1.065625,-1.0656240570173714
3816,0.00033373024393333514,1.065625,-1.0652912697560668
6818,0.004285838584547525,1.065625,-1.0613391614154526
26347,0.005455999846177888,1.065625,-1.0601690001538222
31193,1.211436275045695,2.13125,-0.919813724954305
68498,-0.6231146086094689,0.26640625,-0.889520858609469
80217,-0.604078680206171,0.26640625,-0.870484930206171
96075,-0.5898150197925746,0.26640625,-0.8562212697925746
1577,-0.020726717480794646,0.7992187500000001,-0.8199454674807948
26003,-0.0020496540689362752,0.7992187500000001,-0.8012684040689364
1052,-0.0001732121650560707,0.7992187500000001,-0.7993919621650561
8188,-7.363768132079394e-05,0.7992187500000001,-0.7992923876813209
7096,-2.392716640624333e-05,0.7992187500000001,-0.7992426771664063
98198,-1.8667933540087938e-05,0.7992187500000001,-0.7992374179335402
2197,-5.259455945492365e-07,0.7992187500000001,-0.7992192759455946
1115,-3.749966198786042e-08,0.7992187500000001,-0.7992187874996621
77854,-2.9402746847403326e-08,0.7992187500000001,-0.7992187794027469
7820,-1.3805934175447164e-08,0.7992187500000001,-0.7992187638059343
74727,-6.175217524967604e-09,0.7992187500000001,-0.7992187561752176
26208,-2.24660766173966e-09,0.7992187500000001,-0.7992187522466078
4194,-2.5047735895107426e-11,0.7992187500000001,-0.7992187500250478
6408,-1.7720591084320218e-12,0.7992187500000001,-0.7992187500017721
1149,-2.2246689318199762e-13,0.7992187500000001,-0.7992187500002226
7939,-1.2118389269002146e-14,0.7992187500000001,-0.7992187500000122
31903,-6.527543100018543e-17,0.7992187500000001,-0.7992187500000002
69529,-3.888858160947246e-21,0.7992187500000001,-0.7992187500000001
2838,5.768544143083151e-29,0.7992187500000001,-0.7992187500000001
84187,-1.8542030479795266e-24,0.7992187500000001,-0.7992187500000001
65225,-2.0348912330353233e-19,0.7992187500000001,-0.7992187500000001
39768,5.211409381990237e-15,0.7992187500000001,-0.7992187499999949
5028,4.0122707466778386e-11,0.7992187500000001,-0.7992187499598774
87308,1.2180569847280794e-09,0.7992187500000001,-0.7992187487819431
33270,2.8069424471132796e-09,0.7992187500000001,-0.7992187471930576
91488,1.4968257068525582e-08,0.7992187500000001,-0.799218735031743
7938,8.156816742540241e-08,0.7992187500000001,-0.7992186684318326
26699,1.0052602782006662e-06,0.7992187500000001,-0.7992177447397218
4237,5.149090592420924e-05,0.7992187500000001,-0.7991672590940759
1364,5.860524924661637e-05,0.7992187500000001,-0.7991601447507535
69992,0.0001675419138265887,0.7992187500000001,-0.7990512080861735
4806,0.018529247217488606,0.7992187500000001,-0.7806895027825115
787,0.286076444982044,1.065625,-0.7795485550179561
55856,-0.5057923526040053,0.26640625,-0.7721986026040053
58425,0.04005305288700939,0.7992187500000001,-0.7591656971129908
27366,0.04830377102259202,0.7992187500000001,-0.7509149789774081
108983,-0.21001832797336986,0.5328125,-0.7428308279733699
27922,0.06650294612440973,0.7992187500000001,-0.7327158038755903
130374,-0.4590254711463858,0.26640625,-0.7254317211463859
104069,0.3680944415233639,1.065625,-0.6975305584766361
113240,-0.4181571104360777,0.26640625,-0.6845633604360777
8975,0.1273964006377763,0.7992187500000001,-0.6718223493622237
108979,0.1525417425853407,0.7992187500000001,-0.6466770074146594
70541,-0.3658494513466969,0.26640625,-0.632255701346697
26100,-0.34124046933353963,0.26640625,-0.6076467193335396
69495,-0.059625525332505105,0.5328125,-0.5924380253325051
6891,-0.031677648320184625,0.5328125,-0.5644901483201846
1764,-0.29764280604263293,0.26640625,-0.564049056042633
67927,-0.2973192082686443,0.26640625,-0.5637254582686443
101170,-0.025903359153873838,0.5328125,-0.5587158591538739
93918,-0.2810309451170025,0.26640625,-0.5474371951170025
5767,-0.27424699301572975,0.26640625,-0.5406532430157298
74327,-0.002272449130583818,0.5328125,-0.5350849491305838
89678,-0.0019752746795124398,0.5328125,-0.5347877746795124
1400,-0.0008309817197063211,0.5328125,-0.5336434817197063
114028,-0.0004414644093659287,0.5328125,-0.5332539644093659
92966,-0.00024160813743678277,0.5328125,-0.5330541081374368
108548,-9.176848336615532e-05,0.5328125,-0.5329042684833661
89090,-2.6448330569244543e-05,0.5328125,-0.5328389483305692
36086,-1.3915622131145567e-05,0.5328125,-0.5328264156221312
118930,-3.8294743196606536e-06,0.5328125,-0.5328163294743197
6182,-3.5643356350806745e-06,0.5328125,-0.5328160643356351
53883,-3.4351431472716844e-06,0.5328125,-0.5328159351431473
4183,-7.743163734350839e-07,0.5328125,-0.5328132743163735
93803,-4.1009914100239166e-07,0.5328125,-0.532812910099141
56093,-2.4114069507083285e-07,0.5328125,-0.5328127411406951
57276,-2.1501005271928238e-08,0.5328125,-0.5328125215010053
8616,-1.7346202022789723e-08,0.5328125,-0.532812517346202
95377,-1.4726562559703097e-09,0.5328125,-0.5328125014726562
103235,-1.2485477331806244e-09,0.5328125,-0.5328125012485477
38159,-7.228908083876236e-10,0.5328125,-0.5328125007228909
56095,-7.207239007515971e-10,0.5328125,-0.532812500720724
80648,-5.430385396028908e-10,0.5328125,-0.5328125005430385
91199,-2.1190361108708178e-10,0.5328125,-0.5328125002119036
5560,-8.534468450864546e-12,0.5328125,-0.5328125000085345
26370,-1.2061919533271477e-13,0.5328125,-0.5328125000001206
4999,-4.2992628004352683e-16,0.5328125,-0.5328125000000005
69394,-1.9550711116579573e-16,0.5328125,-0.5328125000000002
8579,7.530268434362595e-23,0.5328125,-0.5328125
80281,-3.985885660498684e-36,0.5328125,-0.5328125
8609,-1.257998156670498e-41,0.5328125,-0.5328125
81731,3.292723613329786e-20,0.5328125,-0.5328125
7936,4.488790300044705e-21,0.5328125,-0.5328125
8971,5.558013580173418e-18,0.5328125,-0.5328125
47152,-1.9454016778358891e-19,0.5328125,-0.5328125
2564,9.481008489844151e-24,0.5328125,-0.5328125
95654,1.6609156205877307e-18,0.5328125,-0.5328125
56167,-5.885752088346661e-20,0.5328125,-0.5328125
3645,-8.345118347730638e-27,0.5328125,-0.5328125
404,-9.313823759748978e-31,0.5328125,-0.5328125
107978,3.876270525736184e-24,0.5328125,-0.5328125
751,-1.6264820025142648e-25,0.5328125,-0.5328125
771,1.7361763975469639e-13,0.5328125,-0.5328124999998264
58309,1.5354891399356293e-12,0.5328125,-0.5328124999984646
77233,3.1277694978539936e-12,0.5328125,-0.5328124999968723
37495,1.5331356092771693e-11,0.5328125,-0.5328124999846686
26366,3.797892950935135e-11,0.5328125,-0.5328124999620211
117533,1.6693810761995847e-10,0.5328125,-0.5328124998330619
65612,1.7858222765127372e-10,0.5328125,-0.5328124998214178
98373,4.500385204976586e-10,0.5328125,-0.5328124995499615
30867,1.6898052459376144e-09,0.5328125,-0.5328124983101947
5953,5.988414279236031e-09,0.5328125,-0.5328124940115857
1470,4.2329644614157836e-08,0.5328125,-0.5328124576703555
25963,7.868987272864218e-08,0.5328125,-0.5328124213101273
33688,4.946738092670976e-07,0.5328125,-0.5328120053261908
62385,1.1262815491414263e-06,0.5328125,-0.5328113737184509
68838,1.4368948105751442e-06,0.5328125,-0.5328110631051894
3338,2.906967085265644e-06,0.5328125,-0.5328095930329148
44653,4.008411391737052e-06,0.5328125,-0.5328084915886083
1145,5.183257256057237e-06,0.5328125,-0.532807316742744
87004,8.686794182088541e-06,0.5328125,-0.5328038132058179
32657,3.5740849625375784e-05,0.5328125,-0.5327767591503747
3232,8.747530270825076e-05,0.5328125,-0.5327250246972918
32483,0.00016465963275117662,0.5328125,-0.5326478403672489
71418,0.0002507486097312921,0.5328125,-0.5325617513902687
103639,0.00045382040209372373,0.5328125,-0.5323586795979063
2930,0.0005886509253534879,0.5328125,-0.5322238490746465
25975,0.002270180855640152,0.5328125,-0.5305423191443599
99731,0.003704105426682356,0.5328125,-0.5291083945733177
60336,-0.24100783882087362,0.26640625,-0.5074140888208736
75351,0.030729425103467854,0.5328125,-0.5020830748965321
54967,0.033801592799130885,0.5328125,-0.49901090720086916
42217,0.30602594068539507,0.7992187500000001,-0.493192809314605
87568,-0.14215613368158764,0.26640625,-0.40856238368158765
25751,-0.14083416078770533,0.26640625,-0.40724041078770534
81111,-0.12920609592356785,0.26640625,-0.39561234592356787
117364,-0.12381720557759393,0.26640625,-0.39022345557759397
112277,-0.09792015800693041,0.26640625,-0.3643264080069304
6000,-0.06857392680576464,0.26640625,-0.33498017680576464
78408,-0.0559156881787793,0.26640625,-0.3223219381787793
7821,-0.047582952460768095,0.26640625,-0.3139892024607681
26674,-0.041976138574927616,0.26640625,-0.3083823885749276
76111,-0.03550147241824952,0.26640625,-0.30190772241824954
82246,-0.03405681578915286,0.26640625,-0.3004630657891529
8484,-0.021748574753370213,0.26640625,-0.28815482475337023
51894,-0.01916665311153805,0.26640625,-0.28557290311153805
108146,-0.018747245119641723,0.26640625,-0.2851534951196417
102217,-0.01056712130233203,0.26640625,-0.276973371302332
49359,-0.010189169898100259,0.26640625,-0.27659541989810027
100089,-0.009969223162011128,0.26640625,-0.27637547316201116
26325,-0.007373101282648631,0.26640625,-0.27377935128264863
30991,-0.006702280803773336,0.26640625,-0.27310853080377334
73416,-0.006197989560654851,0.26640625,-0.2726042395606549
128624,-0.004411596577343606,0.26640625,-0.2708178465773436
79578,-0.0042936750327995515,0.26640625,-0.27069992503279955
94044,-0.0026894686844890054,0.26640625,-0.269095718684489
112929,-0.0018563438252157994,0.26640625,-0.26826259382521583
101962,-0.0012575775171283028,0.26640625,-0.2676638275171283
100562,-0.0011097478119739788,0.26640625,-0.267515997811974
101425,-0.0007987974635320471,0.26640625,-0.2672050474635321
86574,-0.0004871171057294892,0.26640625,-0.2668933671057295
94752,-0.0004095217374331047,0.26640625,-0.2668157717374331
25826,-0.0003461394556446789,0.26640625,-0.26675238945564467
7578,-0.0003350840921237837,0.26640625,-0.2667413340921238
58994,-0.00021164886958586172,0.26640625,-0.26661789886958587
8652,-0.00011830059925096108,0.26640625,-0.26652455059925095
2603,-7.428064564563459e-05,0.26640625,-0.26648053064564564
47404,-6.770760903494027e-05,0.26640625,-0.266473957609035
7645,-5.413052664912711e-05,0.26640625,-0.26646038052664917
1308,-5.1546997901717975e-05,0.26640625,-0.26645779699790173
85259,-4.787604132878969e-05,0.26640625,-0.2664541260413288
96897,-4.765247953097805e-05,0.26640625,-0.266453902479531
69803,-3.582162399580167e-05,0.26640625,-0.2664420716239958
117444,-2.930906085930482e-05,0.26640625,-0.2664355590608593
26070,-2.746899263795637e-05,0.26640625,-0.26643371899263796
109425,-2.5349933570598083e-05,0.26640625,-0.26643159993357063
41627,-1.7412956566936086e-05,0.26640625,-0.26642366295656694
54621,-1.6909973281594604e-05,0.26640625,-0.2664231599732816
26171,-1.5449218819537198e-05,0.26640625,-0.26642169921881953
111235,-1.3519446563876755e-05,0.26640625,-0.26641976944656387
99260,-1.1557522823601803e-05,0.26640625,-0.2664178075228236
76738,-1.0806552991577854e-05,0.26640625,-0.2664170565529916
64577,-5.60245328928525e-06,0.26640625,-0.2664118524532893
25886,-5.229970370641605e-06,0.26640625,-0.2664114799703707
27176,-4.085189426041114e-06,0.26640625,-0.26641033518942603
105096,-3.2387212406082734e-06,0.26640625,-0.2664094887212406
98795,-1.6586757415034602e-06,0.26640625,-0.2664079086757415
72041,-9.582267767508233e-07,0.26640625,-0.26640720822677677
101857,-5.877637643042301e-07,0.26640625,-0.26640683776376434
64903,-5.212806187113059e-07,0.26640625,-0.26640677128061874
4760,-3.330502303057722e-07,0.26640625,-0.2664065830502303
117650,-1.6235005533994014e-07,0.26640625,-0.26640641235005535
52078,-1.5680210956983067e-07,0.26640625,-0.2664064068021096
81413,-1.2685300169771563e-07,0.26640625,-0.2664063768530017
107196,-1.2581681704986345e-07,0.26640625,-0.2664063758168171
93467,-1.2515470543471258e-07,0.26640625,-0.26640637515470544
1140,-1.1767062848587907e-07,0.26640625,-0.2664063676706285
80337,-6.618208712665094e-08,0.26640625,-0.26640631618208716
94022,-6.229032546147664e-08,0.26640625,-0.26640631229032546
111647,-5.2126719500865194e-08,0.26640625,-0.2664063021267195
128594,-2.3060614236842902e-08,0.26640625,-0.26640627306061426
30958,-9.271586609535625e-09,0.26640625,-0.2664062592715866
2547,-7.898331506458337e-09,0.26640625,-0.2664062578983315
71007,-5.894354163598348e-09,0.26640625,-0.2664062558943542
116893,-2.5541581994815803e-09,0.26640625,-0.26640625255415823
42094,-1.2287952048770232e-09,0.26640625,-0.26640625122879524
4325,-9.885640329543261e-10,0.26640625,-0.266406250988564
32419,-7.835759604942668e-10,0.26640625,-0.266406250783576
77353,-9.634515238993364e-11,0.26640625,-0.26640625009634517
117466,-4.1704072367677647e-11,0.26640625,-0.2664062500417041
65011,-1.226646848783304e-11,0.26640625,-0.2664062500122665
49917,-1.1678385343392273e-11,0.26640625,-0.2664062500116784
31148,-4.826517283872749e-12,0.26640625,-0.26640625000482654
103819,-3.3204280622600347e-12,0.26640625,-0.26640625000332047
111529,-1.0582357407895724e-12,0.26640625,-0.2664062500010582
101918,-9.539996725660166e-13,0.26640625,-0.266406250000954
86844,-6.005322825262429e-13,0.26640625,-0.26640625000060053
2438,-1.2450583382000256e-13,0.26640625,-0.2664062500001245
83038,-1.0309483396139212e-13,0.26640625,-0.2664062500001031
7623,-5.414751231830097e-14,0.26640625,-0.26640625000005413
100044,-3.5127790337837796e-14,0.26640625,-0.26640625000003515
95624,-1.449520902593155e-14,0.26640625,-0.2664062500000145
117109,-7.650245732140352e-15,0.26640625,-0.26640625000000767
77357,-5.4263087009957324e-15,0.26640625,-0.26640625000000545
92210,-1.3727161535298087e-15,0.26640625,-0.2664062500000014
4272,-1.1059562429554672e-15,0.26640625,-0.2664062500000011
27667,-1.8591248387871074e-16,0.26640625,-0.2664062500000002
95185,-4.573907766576782e-17,0.26640625,-0.26640625000000007
25961,-5.674161163467055e-23,0.26640625,-0.26640625
88837,-4.38197839664534e-25,0.26640625,-0.26640625
6527,1.918328929824609e-17,0.26640625,-0.26640625
25792,-1.0914009553230046e-28,0.26640625,-0.26640625
115629,1.3606893703329338e-18,0.26640625,-0.26640625
111778,8.082322436162448e-21,0.26640625,-0.26640625
41706,1.6231876026830615e-24,0.26640625,-0.26640625
106473,-2.1415226873617038e-26,0.26640625,-0.26640625
101428,4.1760144709183185e-20,0.26640625,-0.26640625
74480,-2.3894925381928415e-19,0.26640625,-0.26640625
45172,4.331251455876367e-28,0.26640625,-0.26640625
31991,-1.7425042777580198e-19,0.26640625,-0.26640625
111460,6.303152726202878e-18,0.26640625,-0.26640625
31309,2.1499958450646502e-21,0.26640625,-0.26640625
78539,3.8118153947684374e-21,0.26640625,-0.26640625
79519,3.699237033645654e-36,0.26640625,-0.26640625
71147,6.590643332663125e-20,0.26640625,-0.26640625
115,5.964385665642342e-37,0.26640625,-0.26640625
81589,-2.4947717053976167e-26,0.26640625,-0.26640625
27862,-4.3327115321721946e-27,0.26640625,-0.26640625
82150,-1.7608949915022803e-21,0.26640625,-0.26640625
6467,2.9048528754878507e-25,0.26640625,-0.26640625
97722,3.330408664728303e-23,0.26640625,-0.26640625
52942,-1.1356727984822393e-31,0.26640625,-0.26640625
96563,5.5776396918211475e-42,0.26640625,-0.26640625
86829,1.5389011883686571e-16,0.26640625,-0.26640624999999984
82032,4.3647438797678696e-16,0.26640625,-0.26640624999999957
1743,6.044647608434271e-16,0.26640625,-0.2664062499999994
32562,6.188340376588834e-16,0.26640625,-0.2664062499999994
7241,3.2410127614854086e-15,0.26640625,-0.2664062499999968
119145,4.4398569201911845e-15,0.26640625,-0.26640624999999557
8068,3.539710665345602e-14,0.26640625,-0.2664062499999646
27217,8.683781326402292e-14,0.26640625,-0.2664062499999132
33310,4.2038415476672566e-13,0.26640625,-0.2664062499995796
85190,6.598078411462276e-13,0.26640625,-0.2664062499993402
26164,1.1296854285749365e-12,0.26640625,-0.2664062499988703
30701,3.01012356148311e-12,0.26640625,-0.26640624999698986
52784,3.90107132195551e-12,0.26640625,-0.26640624999609896
71688,4.546838351398618e-12,0.26640625,-0.26640624999545315
8724,5.046313054008052e-12,0.26640625,-0.2664062499949537
100509,5.663933793112389e-12,0.26640625,-0.2664062499943361
3369,5.840130684963992e-12,0.26640625,-0.2664062499941599
89945,5.928182565740772e-12,0.26640625,-0.2664062499940718
71991,8.564149680724577e-12,0.26640625,-0.26640624999143586
81092,1.5783387532411108e-11,0.26640625,-0.26640624998421664
97393,4.760613728860525e-11,0.26640625,-0.26640624995239387
113851,6.607730309717333e-11,0.26640625,-0.2664062499339227
31487,2.5263674204012556e-10,0.26640625,-0.26640624974736327
1774,3.611965639459297e-10,0.26640625,-0.26640624963880344
91010,8.776708888906085e-10,0.26640625,-0.26640624912232913
25763,8.849701870911632e-09,0.26640625,-0.26640624115029815
127098,9.460273835784602e-09,0.26640625,-0.26640624053972617
89386,1.2748323762618218e-08,0.26640625,-0.2664062372516762
47904,1.4282275018980587e-08,0.26640625,-0.266406235717725
81441,1.7195870804188888e-08,0.26640625,-0.26640623280412923
111130,1.9281143940745197e-08,0.26640625,-0.26640623071885605
1071,2.738636705841171e-08,0.26640625,-0.26640622261363295
3233,6.676034120224855e-08,0.26640625,-0.2664061832396588
82739,8.799915506042834e-08,0.26640625,-0.26640616200084494
40033,1.3422898936624295e-07,0.26640625,-0.26640611577101064
72913,1.9613908720409164e-07,0.26640625,-0.2664060538609128
9007,2.1530309696642447e-07,0.26640625,-0.26640603469690305
2503,3.329842677090308e-07,0.26640625,-0.2664059170157323
27841,4.1623500391183214e-07,0.26640625,-0.2664058337649961
130,4.439755618185075e-07,0.26640625,-0.2664058060244382
3817,1.7841971617273607e-06,0.26640625,-0.2664044658028383
88646,1.8036405399294499e-06,0.26640625,-0.2664044463594601
77688,1.8236455246726807e-06,0.26640625,-0.26640442635447537
115989,2.0400525082095054e-06,0.26640625,-0.2664042099474918
82976,2.165242661280408e-06,0.26640625,-0.26640408475733873
5687,3.246514812423053e-06,0.26640625,-0.2664030034851876
70659,4.1390755912203005e-06,0.26640625,-0.2664021109244088
34063,4.576541782994677e-06,0.26640625,-0.266401673458217
25898,4.618447467501326e-06,0.26640625,-0.2664016315525325
94503,5.491788918003779e-06,0.26640625,-0.266400758211082
73608,7.0819611009157265e-06,0.26640625,-0.26639916803889907
83326,7.6123937723873795e-06,0.26640625,-0.2663986376062276
109781,1.1547251178650045e-05,0.26640625,-0.2663947027488214
78235,1.4974297218257102e-05,0.26640625,-0.26639127570278176
106868,1.7174161769580467e-05,0.26640625,-0.2663890758382304
26463,2.1160702449545723e-05,0.26640625,-0.26638508929755045
96020,3.4759132145408653e-05,0.26640625,-0.2663714908678546
90945,3.6714351361662924e-05,0.26640625,-0.26636953564863836
1424,3.956217646600955e-05,0.26640625,-0.266366687823534
27033,9.379519945128824e-05,0.26640625,-0.2663124548005487
72104,0.00012588734066059311,0.26640625,-0.2662803626593394
84857,0.00013249478466571883,0.26640625,-0.2662737552153343
78919,0.0001426355708716155,0.26640625,-0.2662636144291284
55343,0.00014317370705586185,0.26640625,-0.26626307629294416
102058,0.00029278506201491257,0.26640625,-0.2661134649379851
120637,0.00033825415980282426,0.26640625,-0.2660679958401972
26034,0.0005147389179696032,0.26640625,-0.2658915110820304
109372,0.0005939083211228863,0.26640625,-0.26581234167887713
78544,0.0006987228309776697,0.26640625,-0.26570752716902235
64845,0.0007729237198990414,0.26640625,-0.26563332628010095
91844,0.0007924972768287788,0.26640625,-0.2656137527231712
81276,0.0010031689595068468,0.26640625,-0.26540308104049315
100106,0.0010834656996309162,0.26640625,-0.2653227843003691
5793,0.0012009882005758307,0.26640625,-0.26520526179942416
32834,0.0013872826727865809,0.26640625,-0.2650189673272134
8684,0.0014648349148984072,0.26640625,-0.2649414150851016
26822,0.0019355876762257634,0.26640625,-0.26447066232377425
60259,0.0019423968204914435,0.26640625,-0.26446385317950855
119182,0.00221540371960299,0.26640625,-0.264190846280397
129739,0.002469206747985588,0.26640625,-0.26393704325201445
51455,0.0037179435973665052,0.26640625,-0.2626883064026335
73900,0.004612721359811568,0.26640625,-0.26179352864018846
87210,0.0066130067790662736,0.26640625,-0.2597932432209337
81147,0.010236157360176676,0.26640625,-0.2561700926398233
59154,0.010490690945126207,0.26640625,-0.2559155590548738
3881,0.011871547589619112,0.26640625,-0.2545347024103809
6599,0.01268186556119084,0.26640625,-0.2537243844388092
93420,0.01676996740946329,0.26640625,-0.24963628259053672
126426,0.021117206635109312,0.26640625,-0.2452890433648907
69483,0.022460152601143778,0.26640625,-0.24394609739885623
113889,0.023281614614197185,0.26640625,-0.2431246353858028
80777,0.02496812329800248,0.26640625,-0.24143812670199755
69136,0.02562472556163631,0.26640625,-0.2407815244383637
7312,0.5602744206680274,0.7992187500000001,-0.23894432933197274
117310,0.028375920006499106,0.26640625,-0.2380303299935009
4271,0.028947048273962384,0.26640625,-0.23745920172603763
111436,0.02934809644806942,0.26640625,-0.2370581535519306
56561,0.03463132703556562,0.26640625,-0.2317749229644344
93748,0.03785498792015898,0.26640625,-0.22855126207984103
8790,0.05422170893365553,0.26640625,-0.2121845410663445
81669,0.06320546376337395,0.26640625,-0.20320078623662607
73824,0.34119569806107164,0.5328125,-0.19161680193892838
51207,0.08509474127445672,0.26640625,-0.1813115087255433
67865,0.11475367555094233,0.26640625,-0.15165257444905766
26587,2.252743255583336,2.3976562500000003,-0.14491299441666428
97673,0.6821844771018172,0.7992187500000001,-0.11703427289818291
71558,0.1886083698998271,0.26640625,-0.07779788010017291
104386,0.2475457806943545,0.26640625,-0.0188604693056455
77177,0.263461968012716,0.26640625,-0.0029442819872840253
108709,0.30713124092073263,0.26640625,0.04072499092073262
74653,0.357806748716456,0.26640625,0.091400498716456
6981,0.6429847506737479,0.5328125,0.11017225067374792
64114,0.725857719049913,0.5328125,0.193045219049913
118105,0.5796355637393678,0.26640625,0.31322931373936774
8785,0.6008057260039393,0.26640625,0.3343994760039393
105147,0.6635992121062255,0.26640625,0.3971929621062255
56631,0.7571926503104341,0.26640625,0.49078640031043413
129013,0.7750734272813529,0.26640625,0.5086671772813529
75406,0.9188131698650527,0.26640625,0.6524069198650526
95754,1.0363331148700876,0.26640625,0.7699268648700877
27729,1.335440070626013,0.5328125,0.802627570626013
84532,1.096693722825016,0.26640625,0.830287472825016
109953,1.2211901583131461,0.26640625,0.9547839083131462
83535,1.2519262599653427,0.26640625,0.9855200099653427
116905,1.2963009802288707,0.26640625,1.0298947302288708
92475,1.4601574685412013,0.26640625,1.1937512185412014
3739,3.263616431459812,1.86484375,1.3987726814598123
26756,1.7047532937666912,0.26640625,1.4383470437666912
86091,2.0432124833220358,0.26640625,1.7768062333220358
51773,2.721379440412776,0.5328125,2.188566940412776
74282,3.5684725402001125,1.33203125,2.2364412902001125
50703,3.422599184548772,0.7992187500000001,2.623380434548772
40697,3.322928649129053,0.26640625,3.0565223991290527
48045,3.9870124516792216,0.7992187500000001,3.1877937016792215
70186,3.787166155315151,0.26640625,3.520759905315151
25860,4.302521110215505,0.26640625,4.036114860215505
1787,6.153218271329436,0.26640625,5.886812021329436
115667,6.595680807249453,0.5328125,6.0628683072494525
106503,7.490091727990442,0.5328125,6.957279227990441
94969,10.0514814135052,0.26640625,9.785075163505201
76085,10.114886565324896,0.26640625,9.848480315324897
110348,10.156181326778892,0.26640625,9.889775076778893
84764,12.320377381006685,0.26640625,12.053971131006685
4778,15.077270348027186,0.26640625,14.810864098027187
86668,19.728145914168852,0.26640625,19.461739664168853
95064,22.991749641606344,0.26640625,22.725343391606344
6123,23.988749415895985,0.7992187500000001,23.189530665895983
129532,33.6854304030146,0.26640625,33.4190241530146
79507,42.81972936039091,0.26640625,42.553323110390906
6918,46.021448323646574,0.5328125,45.488635823646575
35826,103.11949741546034,0.26640625,102.85309116546034
91854,104.36615428516974,0.26640625,104.09974803516974
122495,126.69233649176122,0.26640625,126.42593024176122
872,162.31403173678345,0.5328125,161.78121923678344
61206,185.74423395847182,0.26640625,185.47782770847184
105509,199.14858359279066,0.26640625,198.88217734279067
3455,207.35312046657347,0.26640625,207.08671421657348
116028,208.626594207871,0.26640625,208.360187957871
5194,221.35339392217546,0.26640625,221.08698767217547
85312,259.7040058646213,0.26640625,259.4375996146213
2538,349.4369363993129,0.5328125,348.90412389931294
33264,401.68437390175325,0.5328125,401.15156140175327
6026,428.79254612266243,0.26640625,428.52613987266244
26480,436.70280926467956,0.26640625,436.43640301467957
106,446.976743686786,1.065625,445.911118686786
68175,592.2119424868329,0.26640625,591.9455362368328
101971,631.3923025296236,0.26640625,631.1258962796236
107684,648.4413776424688,0.26640625,648.1749713924687
34032,724.9045134161477,0.26640625,724.6381071661476
101292,987.3991813031487,0.26640625,987.1327750531486
101456,1137.258279908181,0.26640625,1136.991873658181
89347,1192.259038925795,0.26640625,1191.992632675795
88889,1860.6268149286468,0.26640625,1860.3604086786468
4101,1963.3086527464307,0.26640625,1963.0422464964306
42783,2026.3274200443498,0.26640625,2026.0610137943497
92760,2029.0907727875747,0.26640625,2028.8243665375746
105246,2321.4002029305166,0.26640625,2321.1337966805168
64650,2855.0054398820816,0.26640625,2854.739033632082
60201,4366.719124095949,0.26640625,4366.452717845949
128320,7676.100086170059,0.26640625,7675.833679920059
68153,11992.102195284793,0.26640625,11991.835789034792
8335,13262.947042494265,0.26640625,13262.680636244264
129428,22689.457098938772,0.5328125,22688.92428643877
112903,25366.50134534692,0.26640625,25366.234939096918
115147,28449.856201220005,0.26640625,28449.589794970005
107885,43587.288841923946,0.26640625,43587.02243567395
34505,99565.44081902254,0.26640625,99565.17441277254
108285,293056.305325563,0.26640625,293056.038919313
108527,882139.1565602197,0.26640625,882138.8901539698
96935,1850084.2568737406,0.26640625,1850083.9904674906
70789,3194794.6965436107,0.26640625,3194794.4301373605
36799,4137654.6414289824,0.26640625,4137654.375022732
3750,4932154.340606528,0.26640625,4932154.074200278
52108,8527565.394283675,0.26640625,8527565.127877425
26380,14912297.409604963,0.26640625,14912297.143198714
72724,47041225.1222338,0.26640625,47041224.85582755
113315,75230081.74603643,0.26640625,75230081.47963017
120813,113042357.71326739,0.26640625,113042357.44686113
70843,121096155.72855243,0.26640625,121096155.46214618
118762,181306121.76131678,0.5328125,181306121.22850427
34659,214324679.6392204,0.26640625,214324679.37281415
87683,432312307.32216877,0.26640625,432312307.0557625
86846,509285503.82134885,0.26640625,509285503.5549426
104576,1399747051.1261196,0.26640625,1399747050.8597133
67744,1528434658.1296408,0.26640625,1528434657.8632345
128736,4925267394.046989,0.26640625,4925267393.780583
6866,20828329559.974068,0.5328125,20828329559.441254
111878,29733686294.360844,0.26640625,29733686294.094437
8519,1422566558179.472,0.26640625,1422566558179.2056
95748,26141714338339.305,0.26640625,26141714338339.04
