item,weight_vector,weight,difference
965,-inf,26.374218749999955,-inf
1100,-inf,42.35859375000005,-inf
1125,-inf,47.95312500000011,-inf
4016,-inf,41.02656250000003,-inf
4015,-inf,32.767968749999945,-inf
4002,-inf,65.80234375000029,-inf
3809,-inf,50.617187500000135,-inf
3745,-inf,40.49375000000003,-inf
3698,-inf,48.21953125000011,-inf
1217,-inf,29.038281249999947,-inf
3697,-inf,33.833593749999956,-inf
1237,-inf,31.43593749999994,-inf
3503,-inf,16.51718749999998,-inf
3438,-inf,24.77578124999996,-inf
3409,-inf,36.23124999999998,-inf
3361,-inf,62.07265625000026,-inf
3360,-inf,32.50156249999994,-inf
1284,-inf,55.94531250000019,-inf
1086,-inf,42.35859375000005,-inf
1073,-inf,384.42421874999,-inf
1025,-inf,44.48984375000007,-inf
4148,-inf,47.1539062500001,-inf
39292,-inf,19.714062499999972,-inf
8957,-inf,37.8296875,-inf
8950,-inf,37.03046874999999,-inf
8376,-inf,35.698437499999976,-inf
748,-inf,61.007031250000246,-inf
765,-inf,77.25781250000041,-inf
6281,-inf,23.443749999999962,-inf
6157,-inf,23.71015624999996,-inf
3359,-inf,19.181249999999974,-inf
5971,-inf,54.61328125000018,-inf
5673,-inf,27.43984374999995,-inf
5266,-inf,38.362500000000004,-inf
5254,-inf,29.038281249999947,-inf
954,-inf,51.41640625000014,-inf
2409,-inf,37.03046874999999,-inf
5013,-inf,48.21953125000011,-inf
1013,-inf,38.362500000000004,-inf
1021,-inf,27.173437499999952,-inf
5945,-inf,34.89921874999997,-inf
3328,-inf,28.23906249999995,-inf
1348,-inf,30.903124999999942,-inf
3267,-inf,31.16953124999994,-inf
2707,-inf,79.38906250000043,-inf
2686,-inf,68.46640625000032,-inf
2013,-inf,52.21562500000015,-inf
2616,-inf,49.551562500000124,-inf
2565,-inf,31.16953124999994,-inf
2108,-inf,52.74843750000016,-inf
2116,-inf,41.82578125000004,-inf
2528,-inf,35.43203124999997,-inf
1958,-inf,39.428125000000016,-inf
2505,-inf,27.173437499999952,-inf
2496,-inf,27.43984374999995,-inf
2139,-inf,33.03437499999995,-inf
2478,-inf,55.412500000000186,-inf
2340,-inf,30.903124999999942,-inf
2359,-inf,63.93750000000028,-inf
2378,-inf,32.50156249999994,-inf
2384,-inf,53.547656250000166,-inf
2391,-inf,49.01875000000012,-inf
2134,-inf,41.292968750000036,-inf
41569,-inf,27.173437499999952,-inf
1955,-inf,36.497656249999984,-inf
1801,-inf,40.227343750000024,-inf
3264,-inf,41.55937500000004,-inf
3263,-inf,39.428125000000016,-inf
1438,-inf,61.53984375000025,-inf
3113,-inf,47.95312500000011,-inf
3105,-inf,58.60937500000022,-inf
3095,-inf,27.173437499999952,-inf
3083,-inf,38.89531250000001,-inf
1566,-inf,41.292968750000036,-inf
1894,-inf,41.55937500000004,-inf
3005,-inf,57.277343750000206,-inf
2989,-inf,22.644531249999964,-inf
2986,-inf,34.36640624999996,-inf
1619,-inf,40.227343750000024,-inf
2915,-inf,63.93750000000028,-inf
1680,-inf,63.671093750000274,-inf
1702,-inf,32.50156249999994,-inf
2808,-inf,23.177343749999963,-inf
2788,-inf,41.292968750000036,-inf
1588,-inf,33.833593749999956,-inf
491,-inf,53.81406250000017,-inf
2404,-inf,25.574999999999957,-inf
44195,-inf,64.47031250000028,-inf
207,-inf,65.80234375000029,-inf
69757,-inf,80.18828125000044,-inf
227,-inf,60.74062500000024,-inf
233,-inf,32.23515624999994,-inf
68791,-inf,13.05390624999999,-inf
45499,-inf,33.03437499999995,-inf
412,-inf,44.48984375000007,-inf
60074,-inf,16.78359374999998,-inf
276,-inf,68.73281250000032,-inf
280,-inf,51.94921875000015,-inf
290,-inf,42.89140625000005,-inf
57669,-inf,37.29687499999999,-inf
57368,-inf,16.25078124999998,-inf
56757,-inf,25.841406249999956,-inf
54997,-inf,34.09999999999996,-inf
74458,-inf,51.682812500000146,-inf
135,-inf,119.08359375000086,-inf
215,-inf,45.821875000000084,-inf
428,-inf,41.02656250000003,-inf
44199,-inf,38.362500000000004,-inf
79,-inf,114.55468750000081,-inf
65,-inf,76.1921875000004,-inf
69,-inf,45.55546875000008,-inf
464,-inf,22.111718749999966,-inf
74,-inf,62.60546875000026,-inf
1704,-4.494965172865825e+286,258.9468749999954,-4.494965172865825e+286
5872,-3.091479201134849e+281,30.103906249999945,-3.091479201134849e+281
257,-1.81494158935945e+281,36.497656249999984,-1.81494158935945e+281
1300,-4.988066279413161e+279,29.837499999999945,-4.988066279413161e+279
1238,-3.8981513364819066e+279,21.04609374999997,-3.8981513364819066e+279
10,-9.077853452507339e+278,454.755468749987,-9.077853452507339e+278
5419,-2.0007560639567838e+278,13.586718749999989,-2.0007560639567838e+278
53996,-1.0043316645486782e+277,35.43203124999997,-1.0043316645486782e+277
48738,-6.372522523749019e+276,27.97265624999995,-6.372522523749019e+276
4639,-1.3623153956979566e+276,27.70624999999995,-1.3623153956979566e+276
6796,-2.0275250572006127e+275,21.578906249999967,-2.0275250572006127e+275
2600,-1.80243098469786e+275,43.69062500000006,-1.80243098469786e+275
7022,-3.542683398716296e+274,35.16562499999997,-3.542683398716296e+274
2072,-6.163854989764582e+273,27.43984374999995,-6.163854989764582e+273
7373,-1.4051772421140868e+273,19.98046874999997,-1.4051772421140868e+273
45672,-6.593078035286112e+272,13.586718749999989,-6.593078035286112e+272
2411,-3.2897420406604724e+271,35.43203124999997,-3.2897420406604724e+271
2716,-1.0442932514122537e+271,264.00859374999516,-1.0442932514122537e+271
587,-6.985742083875062e+270,381.49374999999014,-6.985742083875062e+270
33660,-5.920192096663477e+270,27.173437499999952,-5.920192096663477e+270
533,-1.487107915294815e+270,30.636718749999943,-1.487107915294815e+270
940,-2.216174107919637e+269,31.43593749999994,-2.216174107919637e+269
6765,-6.681984447255131e+268,7.9921875000000036,-6.681984447255131e+268
175,-2.5518750191374296e+268,42.092187500000044,-2.5518750191374296e+268
5944,-9.61901937379449e+267,21.312499999999968,-9.61901937379449e+267
58998,-7.7287720797025505e+267,26.907031249999953,-7.7287720797025505e+267
1256,-5.291896733470064e+267,46.887500000000095,-5.291896733470064e+267
55442,-2.1657265544845126e+267,20.77968749999997,-2.1657265544845126e+267
1041,-1.0872707292190775e+267,67.1343750000003,-1.0872707292190775e+267
9,-1.595761094014777e+264,72.99531250000037,-1.595761094014777e+264
1848,-5.18462566927577e+263,10.123437499999998,-5.18462566927577e+263
2628,-3.298790594153463e+263,286.1203124999942,-3.298790594153463e+263
1185,-2.941414345259807e+263,50.08437500000013,-2.941414345259807e+263
1081,-2.3755764773372018e+263,30.103906249999945,-2.3755764773372018e+263
1635,-2.3165745934483814e+262,42.89140625000005,-2.3165745934483814e+262
195,-1.487591763483514e+262,30.370312499999944,-1.487591763483514e+262
3615,-6.839280472697886e+261,21.578906249999967,-6.839280472697886e+261
55247,-1.488114048358866e+259,36.76406249999999,-1.488114048358866e+259
3178,-4.492772724892222e+258,44.75625000000007,-4.492772724892222e+258
112556,-3.970101992871502e+258,15.984374999999982,-3.970101992871502e+258
2973,-2.483070135418294e+257,22.378124999999965,-2.483070135418294e+257
2467,-5.895116497091795e+256,34.36640624999996,-5.895116497091795e+256
26614,-2.297718025580348e+256,33.833593749999956,-2.297718025580348e+256
63,-2.072199974003239e+256,27.43984374999995,-2.072199974003239e+256
6323,-1.228132721200797e+256,22.644531249999964,-1.228132721200797e+256
87232,-1.1351682728781985e+256,32.50156249999994,-1.1351682728781985e+256
4226,-3.7041384341357674e+255,346.32812499999164,-3.7041384341357674e+255
1036,-2.490344492458848e+255,278.66093749999453,-2.490344492458848e+255
1945,-1.2319940358875407e+255,41.02656250000003,-1.2319940358875407e+255
2125,-4.720789550787092e+253,57.81015625000021,-4.720789550787092e+253
1401,-2.947612174640794e+253,11.721874999999994,-2.947612174640794e+253
3298,-3.7207481747947525e+252,40.227343750000024,-3.7207481747947525e+252
3159,-1.653251313834807e+252,40.227343750000024,-1.653251313834807e+252
91658,-6.092012554018274e+250,16.51718749999998,-6.092012554018274e+250
89,-3.527079317147555e+250,21.845312499999967,-3.527079317147555e+250
79702,-1.3599573179006433e+250,29.038281249999947,-1.3599573179006433e+250
828,-2.1706817593383957e+248,21.845312499999967,-2.1706817593383957e+248
541,-1.1179916451651361e+248,313.56015624999304,-1.1179916451651361e+248
1614,-3.015795894606567e+246,42.092187500000044,-3.015795894606567e+246
314,-1.6236438395577484e+246,41.02656250000003,-1.6236438395577484e+246
911,-2.4928889453432973e+245,28.771874999999948,-2.4928889453432973e+245
39446,-1.7310419202870689e+245,16.78359374999998,-1.7310419202870689e+245
66097,-5.4058169345976075e+244,26.374218749999955,-5.4058169345976075e+244
4019,-3.544513017321306e+244,41.292968750000036,-3.544513017321306e+244
1354,-1.562843513975053e+244,33.03437499999995,-1.562843513975053e+244
6708,-5.567906343810999e+243,24.24296874999996,-5.567906343810999e+243
1006,-1.5601999119255513e+243,16.51718749999998,-1.5601999119255513e+243
2410,-4.048005362422699e+240,30.903124999999942,-4.048005362422699e+240
1124,-2.3372221527868197e+240,32.23515624999994,-2.3372221527868197e+240
733,-1.9851875376882235e+240,452.6242187499871,-1.9851875376882235e+240
54995,-4.836625642015788e+239,17.04999999999998,-4.836625642015788e+239
996,-8.275036305785433e+238,27.43984374999995,-8.275036305785433e+238
2596,-1.1079981620421136e+238,7.192968750000003,-1.1079981620421136e+238
41,-1.7588540937792854e+234,67.1343750000003,-1.7588540937792854e+234
44022,-1.3285548833948451e+234,13.32031249999999,-1.3285548833948451e+234
4728,-1.2450544181612293e+233,21.578906249999967,-1.2450544181612293e+233
111362,-7.703549553952885e+232,12.521093749999991,-7.703549553952885e+232
7153,-3.328677152823895e+232,396.9453124999895,-3.328677152823895e+232
4344,-1.1607102157662301e+229,37.8296875,-1.1607102157662301e+229
81562,-3.522622524284562e+228,22.644531249999964,-3.522622524284562e+228
2719,-1.3127675556277318e+228,47.95312500000011,-1.3127675556277318e+228
59615,-1.2498608040434894e+228,25.841406249999956,-1.2498608040434894e+228
725,-5.275703689289784e+227,17.849218749999977,-5.275703689289784e+227
663,-1.8544957258701896e+227,39.69453125000002,-1.8544957258701896e+227
231,-3.3190056461524026e+224,503.24140624998495,-3.3190056461524026e+224
4306,-2.261131800402629e+224,349.7914062499915,-2.261131800402629e+224
52328,-9.149241137517108e+222,13.05390624999999,-9.149241137517108e+222
3991,-3.5112106249302865e+222,19.714062499999972,-3.5112106249302865e+222
2857,-1.0911671187254834e+222,40.227343750000024,-1.0911671187254834e+222
7444,-2.725521196866179e+221,41.292968750000036,-2.725521196866179e+221
281,-2.117656229188015e+220,42.092187500000044,-2.117656229188015e+220
4366,-2.3310038590592847e+217,12.78749999999999,-2.3310038590592847e+217
7842,-2.270644178181063e+217,9.857031249999999,-2.270644178181063e+217
1265,-9.344464083530774e+216,277.0624999999946,-9.344464083530774e+216
5954,-7.034485911387987e+215,27.97265624999995,-7.034485911387987e+215
4103,-3.995960375520852e+215,16.51718749999998,-3.995960375520852e+215
45517,-1.671226843115476e+215,28.771874999999948,-1.671226843115476e+215
88125,-2.1982902007159643e+214,34.09999999999996,-2.1982902007159643e+214
1390,-1.4164955755218926e+212,15.185156249999984,-1.4164955755218926e+212
575,-5.915210030360849e+211,33.03437499999995,-5.915210030360849e+211
4023,-7.141242884726103e+209,39.16171875000001,-7.141242884726103e+209
2912,-5.80049408552889e+209,23.443749999999962,-5.80049408552889e+209
1721,-1.4840940558624126e+209,366.3085937499908,-1.4840940558624126e+209
1209,-1.400210499998723e+209,30.370312499999944,-1.400210499998723e+209
801,-8.809000728132524e+206,12.521093749999991,-8.809000728132524e+206
1241,-1.4716393032814895e+206,14.918749999999985,-1.4716393032814895e+206
950,-8.356904643635592e+203,24.50937499999996,-8.356904643635592e+203
3246,-1.161164833976814e+203,27.43984374999995,-1.161164833976814e+203
31685,-2.2417907645805917e+202,29.038281249999947,-2.2417907645805917e+202
44974,-5.370531415614122e+201,7.725781250000003,-5.370531415614122e+201
1197,-2.4327688391361333e+201,364.97656249999085,-2.4327688391361333e+201
63876,-3.5886661150215037e+200,21.04609374999997,-3.5886661150215037e+200
41285,-1.1964486806958103e+198,15.984374999999982,-1.1964486806958103e+198
3534,-4.223343045033849e+197,48.21953125000011,-4.223343045033849e+197
106489,-3.2500957930638937e+196,12.254687499999992,-3.2500957930638937e+196
61323,-2.1770928711149293e+196,27.97265624999995,-2.1770928711149293e+196
3439,-8.683243223349678e+194,14.385937499999986,-8.683243223349678e+194
85414,-1.7032428389938484e+192,30.903124999999942,-1.7032428389938484e+192
191,-1.9346240127764126e+191,16.78359374999998,-1.9346240127764126e+191
3098,-1.5764362404935863e+191,36.23124999999998,-1.5764362404935863e+191
181,-2.034849476554363e+189,32.50156249999994,-2.034849476554363e+189
5878,-2.4131772699123007e+186,25.042187499999958,-2.4131772699123007e+186
111759,-1.1425022267408035e+186,14.385937499999986,-1.1425022267408035e+186
1136,-5.961391012989761e+185,326.0812499999925,-5.961391012989761e+185
1589,-1.0217937957422476e+185,41.55937500000004,-1.0217937957422476e+185
6283,-4.692683819128311e+183,17.849218749999977,-4.692683819128311e+183
1752,-6.532211863321542e+180,7.9921875000000036,-6.532211863321542e+180
7004,-3.3987604448306964e+180,13.586718749999989,-3.3987604448306964e+180
1693,-4.128675285893986e+178,44.75625000000007,-4.128675285893986e+178
5110,-1.0361791645622526e+178,12.78749999999999,-1.0361791645622526e+178
165,-8.929110172428658e+177,602.34453125,-8.929110172428658e+177
7669,-3.58908795690242e+175,17.31640624999998,-3.58908795690242e+175
2463,-4.76424732634303e+174,17.582812499999978,-4.76424732634303e+174
96610,-2.1632443358393767e+172,21.312499999999968,-2.1632443358393767e+172
93840,-1.9332407082373725e+170,13.32031249999999,-1.9332407082373725e+170
5952,-1.284647655164074e+170,437.97187499998773,-1.284647655164074e+170
1429,-6.60772838201482e+168,39.69453125000002,-6.60772838201482e+168
98809,-4.279245798068082e+166,21.845312499999967,-4.279245798068082e+166
1792,-1.2188705142049254e+166,34.632812499999964,-1.2188705142049254e+166
611,-1.0240151216693512e+165,12.254687499999992,-1.0240151216693512e+165
27706,-9.086756193639982e+162,10.656249999999996,-9.086756193639982e+162
88129,-8.237610908707902e+160,15.984374999999982,-8.237610908707902e+160
106920,-5.2417782325158916e+159,13.32031249999999,-5.2417782325158916e+159
3654,-1.2393896205344944e+157,28.50546874999995,-1.2393896205344944e+157
2459,-1.5474257843138975e+155,17.31640624999998,-1.5474257843138975e+155
2092,-2.6102393397517586e+154,9.0578125,-2.6102393397517586e+154
1580,-2.577476296360386e+154,319.95390624999277,-2.577476296360386e+154
728,-1.6530953222499097e+151,46.62109375000009,-1.6530953222499097e+151
27904,-2.7209830549161993e+149,15.984374999999982,-2.7209830549161993e+149
106487,-1.2527425057120582e+149,13.853124999999988,-1.2527425057120582e+149
76251,-5.64324394360893e+147,41.55937500000004,-5.64324394360893e+147
2028,-3.241998310440341e+146,436.1070312499878,-3.241998310440341e+146
810,-5.781259220071315e+143,23.443749999999962,-5.781259220071315e+143
5690,-4.6879402243690405e+143,25.308593749999957,-4.6879402243690405e+143
2088,-2.757388647901508e+139,16.78359374999998,-2.757388647901508e+139
344,-4.1487226181976096e+138,667.8804687500112,-4.1487226181976096e+138
95510,-2.6437919725212142e+138,15.451562499999984,-2.6437919725212142e+138
1342,-7.350347128205322e+137,21.04609374999997,-7.350347128205322e+137
102445,-1.1499747596873485e+133,14.385937499999986,-1.1499747596873485e+133
2762,-4.679274127947074e+130,424.1187499999883,-4.679274127947074e+130
1726,-4.743560129037354e+127,15.185156249999984,-4.743560129037354e+127
1078,-4.441085177322129e+127,21.04609374999997,-4.441085177322129e+127
858,-5.279918052749448e+122,596.217187499999,-5.279918052749448e+122
1681,-1.9098447267956572e+122,18.648437499999975,-1.9098447267956572e+122
53000,-5.561330370088267e+121,26.907031249999953,-5.561330370088267e+121
112852,-7.55608067383428e+116,25.574999999999957,-7.55608067383428e+116
377,-5.392803892815163e+114,558.6539062499926,-5.392803892815163e+114
3981,-3.115398032547208e+114,27.43984374999995,-3.115398032547208e+114
94864,-2.916538586533841e+111,12.78749999999999,-2.916538586533841e+111
380,-5.2032605046003416e+106,746.2039062500246,-5.2032605046003416e+106
2296,-1.1082507919680302e+106,16.51718749999998,-1.1082507919680302e+106
761,-1.0102256522703193e+104,61.27343750000025,-1.0102256522703193e+104
1353,-4.0401132633252174e+100,22.378124999999965,-4.0401132633252174e+100
1727,-1.4342749762022972e+95,17.849218749999977,-1.4342749762022972e+95
8810,-7.073286185367143e+90,26.374218749999955,-7.073286185367143e+90
590,-4.324788899633893e+90,809.3421875000354,-4.324788899633893e+90
879,-4.889175148056839e+89,13.853124999999988,-4.889175148056839e+89
51540,-1.515535076886822e+86,24.24296874999996,-1.515535076886822e+86
2282,-1.5841721783634391e+84,13.586718749999989,-1.5841721783634391e+84
2858,-3.795201519820969e+82,599.1476562499995,-3.795201519820969e+82
3452,-1.5885987027217523e+80,35.16562499999997,-1.5885987027217523e+80
592,-3.461424494671009e+74,818.932812500037,-3.461424494671009e+74
34319,-8.451108694670264e+72,19.98046874999997,-8.451108694670264e+72
2279,-3.735253702425808e+67,16.25078124999998,-3.735253702425808e+67
54259,-7.576754111604476e+66,31.16953124999994,-7.576754111604476e+66
780,-1.6981269646900112e+66,734.4820312500226,-1.6981269646900112e+66
50,-1.1258837146184617e+66,683.5984375000139,-1.1258837146184617e+66
92259,-9.623781628233401e+61,35.96484374999998,-9.623781628233401e+61
2004,-6.499356931570407e+60,31.70234374999994,-6.499356931570407e+60
150,-2.3291403856336205e+58,832.2531250000393,-2.3291403856336205e+58
4,-2.088963477741507e+56,25.042187499999958,-2.088963477741507e+56
96079,-4.355098911866095e+50,20.77968749999997,-4.355098911866095e+50
1,-1.679151278661342e+50,771.778906250029,-1.679151278661342e+50
4489,-1.0261033412419957e+50,25.574999999999957,-1.0261033412419957e+50
27611,-8.697445194715438e+44,28.50546874999995,-8.697445194715438e+44
2571,-1.3570717246158259e+42,674.8070312500124,-1.3570717246158259e+42
1888,-1.6989213455923605e+39,21.845312499999967,-1.6989213455923605e+39
110,-9.234995623097091e+33,839.1796875000405,-9.234995623097091e+33
1603,-3.145930716125605e+33,18.115624999999977,-3.145930716125605e+33
999,-5.332015920342749e+27,20.24687499999997,-5.332015920342749e+27
480,-6.9456992853250695e+25,925.2289062500552,-6.9456992853250695e+25
296,-2508028767.5,1147.411718750093,-2508029914.911719
356,30007179542173.875,1112.7789062500872,30007179541061.098
318,2.1491531426762174e+21,1146.346093750093,2.1491531426762174e+21
593,3.200670365381133e+21,1056.0343750000775,3.200670365381133e+21
260,7.407617121992664e+29,805.8789062500348,7.407617121992664e+29
2334,2.3177644551055394e+36,15.451562499999984,2.3177644551055394e+36
589,1.1524134347834463e+38,757.9257812500266,1.1524134347834463e+38
527,1.5796196748278758e+46,790.1609375000321,1.5796196748278758e+46
101,1.0963914201170723e+53,29.304687499999947,1.0963914201170723e+53
457,2.0259848965495182e+54,835.9828125000399,2.0259848965495182e+54
1227,1.249106958731614e+59,21.312499999999968,1.249106958731614e+59
782,1.4225841283419661e+59,25.574999999999957,1.4225841283419661e+59
2060,6.007645681424701e+64,17.849218749999977,6.007645681424701e+64
52722,1.4028308048218377e+65,27.173437499999952,1.4028308048218377e+65
31696,8.00673490731432e+69,22.111718749999966,8.00673490731432e+69
97304,2.295313400140659e+70,15.717968749999983,2.295313400140659e+70
1210,3.0962628400333844e+70,623.3906250000036,3.0962628400333844e+70
23,1.5569481643165478e+71,47.4203125000001,1.5569481643165478e+71
91542,8.36408760041156e+75,19.447656249999973,8.36408760041156e+75
6754,8.852536357667102e+75,20.24687499999997,8.852536357667102e+75
3744,1.5862193736612605e+77,29.571093749999946,1.5862193736612605e+77
1196,3.7933501451090495e+78,526.152343749987,3.7933501451090495e+78
2297,8.523499200206585e+81,28.50546874999995,8.523499200206585e+81
3593,1.5607109615469757e+83,36.23124999999998,1.5607109615469757e+83
32,4.018538495766928e+86,692.3898437500154,4.018538495766928e+86
6552,8.954533238199339e+86,11.988281249999993,8.954533238199339e+86
34150,7.581228494498546e+87,19.98046874999997,7.581228494498546e+87
2322,2.651155224033821e+92,13.586718749999989,2.651155224033821e+92
1198,4.467058406844423e+94,510.43437499998464,4.467058406844423e+94
2375,1.2875490010804895e+95,19.714062499999972,1.2875490010804895e+95
97921,7.662614060360772e+97,15.984374999999982,7.662614060360772e+97
7454,1.1573316267919925e+101,20.77968749999997,1.1573316267919925e+101
47,1.9848662812690287e+102,571.1749999999947,1.9848662812690287e+102
608,2.923227791928173e+102,598.3484374999994,2.923227791928173e+102
1541,2.1220694915615704e+103,15.451562499999984,2.1220694915615704e+103
64,5.704720951655435e+108,30.103906249999945,5.704720951655435e+108
588,5.2703347944952486e+110,699.0500000000166,5.2703347944952486e+110
3543,7.652323882097618e+112,38.09609375,7.652323882097618e+112
3007,1.4903512177187927e+114,13.05390624999999,1.4903512177187927e+114
1270,5.389217713566649e+118,429.9796874999881,5.389217713566649e+118
1303,6.212041742628615e+118,24.50937499999996,6.212041742628615e+118
106782,3.808264659612477e+119,13.853124999999988,3.808264659612477e+119
2513,1.8590973367459777e+123,21.312499999999968,1.8590973367459777e+123
8981,4.973219683451433e+124,19.714062499999972,4.973219683451433e+124
1005,9.553998245795275e+124,21.04609374999997,9.553998245795275e+124
2959,4.933837019519061e+126,545.8664062499904,4.933837019519061e+126
1689,2.345690483808972e+130,10.389843749999997,2.345690483808972e+130
364,4.4753164268680554e+134,542.4031249999898,4.4753164268680554e+134
7099,8.994000768681949e+134,27.173437499999952,8.994000768681949e+134
2583,5.5658778368867666e+135,13.853124999999988,5.5658778368867666e+135
2606,1.2372946431399283e+141,13.05390624999999,1.2372946431399283e+141
4980,2.4306380931251794e+142,18.382031249999976,2.4306380931251794e+142
4993,3.5905604826301493e+142,475.53515624998613,3.5905604826301493e+142
97938,2.691176166943197e+146,10.922656249999996,2.691176166943197e+146
66934,3.597994122203239e+146,35.16562499999997,3.597994122203239e+146
405,1.8881728409479265e+148,30.370312499999944,1.8881728409479265e+148
648,2.9453699143508477e+150,554.3914062499919,2.9453699143508477e+150
102125,5.787670376389708e+151,14.385937499999986,5.787670376389708e+151
61240,2.0570631895166467e+152,21.845312499999967,2.0570631895166467e+152
542,1.4328203705601092e+154,31.96874999999994,1.4328203705601092e+154
909,1.067341081738829e+157,41.02656250000003,1.067341081738829e+157
407,1.1700397840437258e+157,9.0578125,1.1700397840437258e+157
74789,1.1338762434560084e+158,20.77968749999997,1.1338762434560084e+158
595,2.220834518874451e+158,565.3140624999937,2.220834518874451e+158
37741,1.061847057392928e+160,19.181249999999974,1.061847057392928e+160
6857,2.331280868911443e+162,9.0578125,2.331280868911443e+162
59784,1.0995674462831984e+163,34.09999999999996,1.0995674462831984e+163
15,5.953733284268636e+163,22.378124999999965,5.953733284268636e+163
367,3.236759893417202e+165,427.0492187499882,3.236759893417202e+165
7325,7.753274722223314e+165,10.123437499999998,7.753274722223314e+165
500,1.2750888040545461e+166,461.14921874998674,1.2750888040545461e+166
55908,4.4493457036533313e+167,12.521093749999991,4.4493457036533313e+167
64957,1.3273499899691638e+169,33.833593749999956,1.3273499899691638e+169
5026,3.0468230082244744e+169,17.31640624999998,3.0468230082244744e+169
1012,5.619872988903604e+171,28.23906249999995,5.619872988903604e+171
1216,8.356432961356042e+172,11.721874999999994,8.356432961356042e+172
597,1.068602319340808e+174,468.34218749998644,1.068602319340808e+174
27660,1.5115669796677645e+175,16.25078124999998,1.5115669796677645e+175
2662,3.488530026103917e+175,47.1539062500001,3.488530026103917e+175
427,4.031744299917789e+177,35.698437499999976,4.031744299917789e+177
109487,1.5406160055003638e+178,22.378124999999965,1.5406160055003638e+178
48043,7.043427871111912e+180,13.05390624999999,7.043427871111912e+180
7502,1.7426416027356457e+181,68.46640625000032,1.7426416027356457e+181
933,4.821260565102702e+181,35.698437499999976,4.821260565102702e+181
1240,7.38684417522103e+181,310.0968749999932,7.38684417522103e+181
258,2.7680247770825037e+183,18.115624999999977,2.7680247770825037e+183
2118,2.8643053648810693e+183,17.582812499999978,2.8643053648810693e+183
1760,3.093651807760339e+186,18.115624999999977,3.093651807760339e+186
69844,1.93409202124069e+187,31.96874999999994,1.93409202124069e+187
519,2.625708752598868e+188,51.15000000000014,2.625708752598868e+188
886,4.704252918605258e+188,14.119531249999987,4.704252918605258e+188
3578,4.71097353341679e+189,351.6562499999914,4.71097353341679e+189
8914,1.3353699689888008e+192,18.648437499999975,1.3353699689888008e+192
77561,2.104996733009359e+193,28.771874999999948,2.104996733009359e+193
156,7.951304692511055e+193,24.24296874999996,7.951304692511055e+193
8371,1.4281691204963418e+195,16.78359374999998,1.4281691204963418e+195
1097,6.2774565025033376e+196,303.96953124999345,6.2774565025033376e+196
153,2.4339664333302822e+197,607.1398437500009,2.4339664333302822e+197
3676,5.59417944664303e+197,15.717968749999983,5.59417944664303e+197
27,1.3211639398804728e+199,19.181249999999974,1.3211639398804728e+199
2991,2.8637007805410938e+200,36.76406249999999,2.8637007805410938e+200
550,1.0017266579125672e+201,27.43984374999995,1.0017266579125672e+201
86332,2.300334979728784e+203,19.447656249999973,2.300334979728784e+203
1821,2.1777504890315265e+204,8.791406250000001,2.1777504890315265e+204
736,1.9387755177100865e+205,501.642968749985,1.9387755177100865e+205
164,1.2790230646254605e+206,45.821875000000084,1.2790230646254605e+206
68237,4.210078830558727e+206,38.362500000000004,4.210078830558727e+206
2805,6.325281563087779e+206,53.81406250000017,6.325281563087779e+206
2643,6.971747698952993e+206,22.644531249999964,6.971747698952993e+206
53519,9.374342361903089e+208,15.185156249999984,9.374342361903089e+208
851,3.534611542163176e+209,14.652343749999986,3.534611542163176e+209
1344,1.531830286998603e+212,39.16171875000001,1.531830286998603e+212
3763,4.8144100909889784e+212,17.04999999999998,4.8144100909889784e+212
34,1.180162484989374e+213,466.2109374999865,1.180162484989374e+213
6888,3.7177095040817935e+214,11.721874999999994,3.7177095040817935e+214
1003,5.673064779965179e+214,15.984374999999982,5.673064779965179e+214
69481,2.1680637104561198e+217,23.97656249999996,2.1680637104561198e+217
45720,3.3026612503679842e+218,21.312499999999968,3.3026612503679842e+218
612,9.003104166487914e+219,21.845312499999967,9.003104166487914e+219
8861,1.4609566686654066e+220,16.51718749999998,1.4609566686654066e+220
2243,2.5938228101750008e+221,48.48593750000011,2.5938228101750008e+221
1260,2.038596276637723e+224,31.96874999999994,2.038596276637723e+224
5152,2.2485549874145977e+224,16.78359374999998,2.2485549874145977e+224
3638,1.1297483267020066e+225,31.70234374999994,1.1297483267020066e+225
371,1.1683671923753114e+225,43.957031250000064,1.1683671923753114e+225
1004,1.3614719198167186e+225,17.31640624999998,1.3614719198167186e+225
33162,5.6908279875356415e+225,17.04999999999998,5.6908279875356415e+225
316,4.37191436956129e+228,546.3992187499905,4.37191436956129e+228
4069,1.9371539582706538e+229,31.96874999999994,1.9371539582706538e+229
4823,1.5234682388023608e+230,23.177343749999963,1.5234682388023608e+230
97752,2.0179566611533425e+230,9.857031249999999,2.0179566611533425e+230
905,2.212359725232691e+230,27.43984374999995,2.212359725232691e+230
86,1.329539430301262e+231,61.27343750000025,1.329539430301262e+231
928,1.5198566375280064e+231,30.636718749999943,1.5198566375280064e+231
104841,2.1646515411728637e+231,21.04609374999997,2.1646515411728637e+231
81834,1.797855880718104e+235,34.36640624999996,1.797855880718104e+235
330,2.9292747178905844e+235,14.652343749999986,2.9292747178905844e+235
5620,1.0153418780104825e+236,16.78359374999998,1.0153418780104825e+236
1350,1.126970444601542e+236,44.48984375000007,1.126970444601542e+236
1291,2.5701950558559227e+236,280.52578124999445,2.5701950558559227e+236
84152,8.0576853677897355e+236,15.185156249999984,8.0576853677897355e+236
262,1.4768802361975832e+237,51.41640625000014,1.4768802361975832e+237
2664,2.0283984836509608e+237,29.837499999999945,2.0283984836509608e+237
606,4.1605330984681366e+240,11.988281249999993,4.1605330984681366e+240
3910,1.658629359485331e+241,28.50546874999995,1.658629359485331e+241
234,6.688298094151076e+241,37.03046874999999,6.688298094151076e+241
2042,2.8959296031569534e+242,16.78359374999998,2.8959296031569534e+242
1243,1.5901010134750468e+243,33.03437499999995,1.5901010134750468e+243
2126,2.684883948013859e+243,28.23906249999995,2.684883948013859e+243
383,5.048874688281712e+243,48.48593750000011,5.048874688281712e+243
1214,1.4940376311470248e+244,286.9195312499942,1.4940376311470248e+244
1034,5.831247170821748e+245,7.9921875000000036,5.831247170821748e+245
4128,3.4652081874562093e+246,34.632812499999964,3.4652081874562093e+246
3508,4.367900083154867e+247,26.907031249999953,4.367900083154867e+247
72378,1.0342975473715237e+248,18.382031249999976,1.0342975473715237e+248
3699,2.5171946125603944e+248,21.04609374999997,2.5171946125603944e+248
100,1.6397235941827988e+249,79.65546875000044,1.6397235941827988e+249
3198,3.3603505755653673e+249,27.70624999999995,3.3603505755653673e+249
97913,8.00981569195868e+250,9.0578125,8.00981569195868e+250
5225,1.0114331654937592e+253,32.23515624999994,1.0114331654937592e+253
4232,1.2443609458790885e+253,27.97265624999995,1.2443609458790885e+253
1280,2.848116548596651e+253,27.173437499999952,2.848116548596651e+253
66,3.586672391178259e+253,29.837499999999945,3.586672391178259e+253
3536,1.6561445036340179e+255,26.107812499999955,1.6561445036340179e+255
38038,4.110496546104503e+255,20.77968749999997,4.110496546104503e+255
35,1.0832474741804918e+256,19.98046874999997,1.0832474741804918e+256
3450,6.547735106941696e+256,51.41640625000014,6.547735106941696e+256
1381,1.0341382965920388e+259,29.038281249999947,1.0341382965920388e+259
94959,1.1925510850388641e+259,21.312499999999968,1.1925510850388641e+259
836,1.480821028587861e+259,50.617187500000135,1.480821028587861e+259
1131,1.849088581085785e+259,28.50546874999995,1.849088581085785e+259
3285,4.3102576187688966e+259,46.62109375000009,4.3102576187688966e+259
1193,4.525029352088725e+259,350.59062499999146,4.525029352088725e+259
3468,2.4396164080484742e+260,27.173437499999952,2.4396164080484742e+260
1399,1.4361843959212658e+261,11.721874999999994,1.4361843959212658e+261
839,1.6341639467637244e+261,59.67500000000023,1.6341639467637244e+261
3984,4.854440929246046e+261,40.49375000000003,4.854440929246046e+261
31658,5.31592622921382e+263,52.74843750000016,5.31592622921382e+263
2137,7.809433203464364e+263,47.4203125000001,7.809433203464364e+263
1991,3.884711308492399e+264,15.717968749999983,3.884711308492399e+264
1211,8.558994551165615e+264,27.97265624999995,8.558994551165615e+264
507,1.1967675737224871e+265,17.849218749999977,1.1967675737224871e+265
880,9.89538183334387e+265,64.47031250000028,9.89538183334387e+265
481,1.4102065103574945e+266,44.75625000000007,1.4102065103574945e+266
5146,1.8638729281046392e+266,10.123437499999998,1.8638729281046392e+266
951,2.3037152888977514e+266,27.97265624999995,2.3037152888977514e+266
2567,1.5502819028353557e+267,31.70234374999994,1.5502819028353557e+267
538,1.5795084764758592e+267,46.08828125000009,1.5795084764758592e+267
39183,4.493732727663258e+269,40.49375000000003,4.493732727663258e+269
109374,1.195481058075451e+270,23.71015624999996,1.195481058075451e+270
4299,1.5083130015469264e+270,35.16562499999997,1.5083130015469264e+270
3100,6.294977501299555e+270,53.28125000000016,6.294977501299555e+270
1023,7.712048782939733e+270,29.837499999999945,7.712048782939733e+270
1762,2.3704339826637577e+271,6.3937500000000025,2.3704339826637577e+271
1556,1.372025647629654e+272,42.35859375000005,1.372025647629654e+272
3730,2.1286352306568112e+272,24.77578124999996,2.1286352306568112e+272
1537,1.4265082677465513e+273,49.28515625000012,1.4265082677465513e+273
3635,6.149599540409187e+273,31.16953124999994,6.149599540409187e+273
44555,7.126710410137862e+273,68.99921875000032,7.126710410137862e+273
349,1.2690578310373404e+275,549.596093749991,1.2690578310373404e+275
8645,3.634434266951469e+275,15.185156249999984,3.634434266951469e+275
81,4.9095104993474895e+276,38.62890625000001,4.9095104993474895e+276
72011,5.593570260065222e+276,28.23906249999995,5.593570260065222e+276
338,4.098884692314754e+277,40.76015625000003,4.098884692314754e+277
1281,1.9205731104332804e+278,25.308593749999957,1.9205731104332804e+278
53322,1.300670624042624e+279,23.71015624999996,1.300670624042624e+279
1717,1.6568536123558872e+279,61.27343750000025,1.6568536123558872e+279
2527,6.590781420187424e+279,30.636718749999943,6.590781420187424e+279
81845,1.4010426720454472e+280,59.142187500000226,1.4010426720454472e+280
8529,1.6730270435333017e+282,29.038281249999947,1.6730270435333017e+282
539,6.448537062496946e+282,381.49374999999014,6.448537062496946e+282
586,3.150249468054048e+290,332.20859374999225,3.150249468054048e+290
28,inf,35.43203124999997,inf
218,inf,45.28906250000008,inf
267,inf,42.092187500000044,inf
64839,inf,26.907031249999953,inf
12,inf,56.7445312500002,inf
73017,inf,42.62500000000005,inf
47610,inf,44.48984375000007,inf
374,inf,44.22343750000007,inf
194,inf,65.00312500000028,inf
381,inf,65.53593750000029,inf
63992,inf,18.648437499999975,inf
379,inf,40.49375000000003,inf
289,inf,33.56718749999995,inf
52973,inf,30.636718749999943,inf
76093,inf,50.617187500000135,inf
46,inf,32.23515624999994,inf
78499,inf,56.211718750000195,inf
59369,inf,45.55546875000008,inf
91500,inf,30.903124999999942,inf
88,inf,74.32734375000038,inf
82459,inf,27.173437499999952,inf
99114,inf,49.28515625000012,inf
91529,inf,51.15000000000014,inf
2402,inf,36.76406249999999,inf
477,inf,49.81796875000013,inf
2950,inf,26.107812499999955,inf
1591,inf,40.49375000000003,inf
1590,inf,61.007031250000246,inf
2990,inf,27.70624999999995,inf
1586,inf,67.93359375000031,inf
3037,inf,25.042187499999958,inf
3087,inf,40.76015625000003,inf
3104,inf,42.092187500000044,inf
2949,inf,56.7445312500002,inf
1499,inf,41.82578125000004,inf
3156,inf,25.841406249999956,inf
1459,inf,27.173437499999952,inf
3168,inf,36.23124999999998,inf
1385,inf,41.292968750000036,inf
3247,inf,58.87578125000022,inf
3252,inf,47.95312500000011,inf
3254,inf,31.96874999999994,inf
1378,inf,55.94531250000019,inf
1476,inf,54.61328125000018,inf
1678,inf,37.29687499999999,inf
1711,inf,32.23515624999994,inf
2841,inf,36.23124999999998,inf
2405,inf,41.292968750000036,inf
2398,inf,38.62890625000001,inf
2369,inf,48.48593750000011,inf
2421,inf,45.022656250000075,inf
2423,inf,41.82578125000004,inf
2428,inf,51.682812500000146,inf
2450,inf,16.25078124999998,inf
2318,inf,36.76406249999999,inf
2107,inf,19.98046874999997,inf
2067,inf,49.01875000000012,inf
2046,inf,50.35078125000013,inf
2622,inf,36.76406249999999,inf
2687,inf,47.4203125000001,inf
2688,inf,68.99921875000032,inf
2702,inf,28.23906249999995,inf
1959,inf,49.01875000000012,inf
1882,inf,60.47421875000024,inf
2728,inf,28.50546874999995,inf
2840,inf,53.81406250000017,inf
3300,inf,48.48593750000011,inf
45447,inf,25.574999999999957,inf
3317,inf,50.88359375000014,inf
3424,inf,54.08046875000017,inf
830,inf,106.02968750000072,inf
6188,inf,38.09609375,inf
737,inf,59.67500000000023,inf
6385,inf,20.51328124999997,inf
707,inf,64.20390625000027,inf
605,inf,37.8296875,inf
7256,inf,16.25078124999998,inf
7323,inf,28.771874999999948,inf
837,inf,68.46640625000032,inf
546,inf,46.62109375000009,inf
30810,inf,35.698437499999976,inf
30812,inf,30.636718749999943,inf
31410,inf,26.907031249999953,inf
537,inf,30.903124999999942,inf
31878,inf,24.77578124999996,inf
535,inf,52.74843750000016,inf
34048,inf,33.30078124999995,inf
493,inf,29.304687499999947,inf
8984,inf,36.23124999999998,inf
2403,inf,23.177343749999963,inf
5810,inf,37.29687499999999,inf
916,inf,57.81015625000021,inf
3435,inf,43.157812500000055,inf
1257,inf,38.362500000000004,inf
3462,inf,29.038281249999947,inf
1248,inf,34.632812499999964,inf
3556,inf,38.89531250000001,inf
3608,inf,45.022656250000075,inf
1224,inf,35.96484374999998,inf
3735,inf,30.370312499999944,inf
1037,inf,57.54375000000021,inf
1015,inf,31.96874999999994,inf
4235,inf,39.69453125000002,inf
4321,inf,53.01484375000016,inf
4701,inf,35.43203124999997,inf
4901,inf,36.76406249999999,inf
994,inf,49.28515625000012,inf
5015,inf,34.09999999999996,inf
5388,inf,35.16562499999997,inf
926,inf,37.03046874999999,inf
5630,inf,31.96874999999994,inf
1283,inf,38.09609375,inf
2485,inf,63.671093750000274,inf
2,,236.30234374999634,
3,,249.0898437499958,
5,,245.62656249999594,
6,,325.01562499999255,
7,,225.3796874999968,
11,,254.68437499999555,
14,,116.41953125000083,
16,,183.0210937499986,
17,,360.44765624999104,
18,,60.47421875000024,
19,,296.77656249999376,
21,,339.40156249999194,
22,,115.88671875000082,
24,,93.24218750000058,
25,,349.7914062499915,
29,,103.36562500000069,
31,,140.66250000000042,
36,,335.9382812499921,
39,,322.88437499999264,
44,,123.0796875000009,
45,,88.18046875000053,
48,,181.95546874999866,
52,,157.97890624999968,
58,,199.5382812499979,
60,,83.91796875000048,
62,,350.3242187499915,
70,,98.30390625000064,
95,,383.0921874999901,
104,,241.8968749999961,
105,,148.3882812500001,
107,,108.96015625000075,
111,,284.2554687499943,
112,,189.41484374999834,
140,,104.96406250000071,
141,,372.16953124999054,
144,,46.887500000000095,
145,,139.59687500000047,
151,,184.35312499999856,
158,,180.09062499999874,
160,,200.87031249999785,
161,,448.3617187499873,
162,,67.1343750000003,
163,,160.90937499999956,
168,,163.30703124999945,
170,,84.71718750000049,
172,,146.52343750000017,
173,,176.6273437499989,
180,,73.26171875000037,
185,,423.05312499998837,
186,,181.42265624999868,
193,,101.76718750000067,
196,,164.9054687499994,
198,,83.91796875000048,
203,,56.7445312500002,
204,,109.22656250000075,
208,,443.8328124999875,
216,,83.65156250000048,
222,,66.8679687500003,
223,,256.2828124999955,
224,,106.82890625000073,
225,,260.2789062499953,
230,,80.45468750000045,
232,,73.52812500000037,
235,,188.88203124999836,
236,,198.73906249999794,
237,,80.45468750000045,
246,,143.06015625000032,
247,,68.73281250000032,
249,,53.01484375000016,
252,,143.85937500000028,
253,,427.0492187499882,
256,,128.67421875000093,
261,,157.4460937499997,
265,,161.70859374999952,
266,,248.8234374999958,
272,,104.1648437500007,
273,,92.97578125000058,
277,,155.3148437499998,
282,,179.82421874999875,
288,,364.97656249999085,
292,,464.8789062499866,
293,,261.34453124999527,
300,,303.4367187499935,
303,,71.13046875000035,
306,,90.84453125000056,
307,,79.65546875000044,
308,,57.0109375000002,
315,,185.9515624999985,
317,,237.63437499999628,
319,,81.25390625000045,
327,,81.25390625000045,
329,,503.24140624998495,
333,,125.47734375000093,
337,,214.45703124999727,
339,,429.9796874999881,
342,,157.97890624999968,
345,,136.6664062500006,
348,,98.03750000000063,
350,,220.31796874999702,
351,,33.30078124999995,
353,,151.58515624999995,
355,,123.6125000000009,
357,,369.77187499999064,
361,,43.42421875000006,
362,,108.42734375000074,
368,,187.8164062499984,
370,,190.2140624999983,
372,,83.38515625000048,
376,,213.6578124999973,
382,,46.887500000000095,
410,,313.29374999999305,
413,,65.26953125000028,
420,,248.29062499999583,
431,,102.03359375000068,
432,,195.80859374999807,
434,,460.0835937499868,
435,,191.27968749999826,
440,,238.16718749999626,
441,,70.06484375000034,
442,,206.4648437499976,
446,,42.35859375000005,
454,,423.85234374998834,
455,,92.70937500000058,
466,,134.0023437500007,
468,,98.57031250000064,
471,,118.81718750000086,
474,,226.97812499999674,
475,,104.4312500000007,
485,,143.3265625000003,
494,,233.63828124999645,
497,,172.89765624999905,
508,,218.4531249999971,
509,,233.37187499999646,
515,,137.19921875000057,
520,,160.64296874999957,
524,,89.77890625000055,
529,,116.41953125000083,
531,,112.42343750000079,
532,,60.47421875000024,
534,,58.60937500000022,
540,,52.21562500000015,
543,,138.26484375000052,
551,,189.68124999999833,
552,,164.6390624999994,
553,,191.81249999999824,
555,,165.70468749999935,
562,,65.53593750000029,
585,,119.08359375000086,
594,,193.94374999999815,
596,,153.71640624999986,
610,,85.2500000000005,
616,,101.23437500000067,
628,,190.4804687499983,
637,,120.94843750000088,
647,,107.62812500000074,
653,,218.7195312499971,
661,,167.30312499999928,
671,,81.25390625000045,
673,,123.87890625000091,
708,,234.7039062499964,
719,,133.73593750000072,
720,,104.1648437500007,
724,,130.53906250000085,
741,,59.40859375000023,
743,,119.08359375000086,
745,,133.73593750000072,
750,,236.56874999999633,
762,,166.23749999999933,
778,,249.35624999999578,
783,,171.5656249999991,
784,,199.5382812499979,
785,,141.99453125000036,
786,,272.0007812499948,
788,,262.4101562499952,
799,,71.39687500000035,
800,,78.58984375000043,
802,,205.13281249999767,
805,,196.60781249999803,
832,,207.53046874999757,
838,,109.75937500000076,
849,,99.10312500000065,
852,,165.43828124999936,
866,,55.94531250000019,
898,,71.13046875000035,
899,,109.75937500000076,
902,,101.50078125000067,
903,,139.0640625000005,
904,,168.90156249999922,
908,,164.9054687499994,
910,,114.55468750000081,
912,,293.8460937499939,
913,,137.19921875000057,
914,,104.6976562500007,
915,,52.74843750000016,
919,,195.0093749999981,
920,,149.18750000000006,
922,,66.06875000000029,
923,,180.35703124999873,
924,,239.7656249999962,
930,,38.89531250000001,
953,,129.4734375000009,
968,,78.32343750000042,
969,,103.36562500000069,
1019,,68.73281250000032,
1020,,50.88359375000014,
1022,,74.86015625000039,
1027,,57.81015625000021,
1028,,116.15312500000083,
1029,,75.6593750000004,
1032,,55.67890625000019,
1035,,121.21484375000088,
1042,,97.77109375000063,
1047,,99.10312500000065,
1049,,53.547656250000166,
1059,,111.62421875000078,
1060,,88.97968750000054,
1061,,117.21875000000084,
1077,,55.67890625000019,
1079,,155.84765624999977,
1080,,186.48437499999847,
1084,,91.37734375000056,
1088,,98.30390625000064,
1089,,251.75390624999568,
1090,,115.08750000000082,
1091,,43.69062500000006,
1092,,88.71328125000053,
1093,,86.58203125000051,
1094,,122.01406250000089,
1095,,38.62890625000001,
1096,,25.574999999999957,
1101,,168.36874999999924,
1103,,50.617187500000135,
1104,,66.6015625000003,
1120,,83.11875000000047,
1127,,147.32265625000014,
1129,,72.19609375000036,
1148,,162.5078124999995,
1172,,96.70546875000062,
1175,,66.6015625000003,
1179,,50.08437500000013,
1183,,188.0828124999984,
1186,,68.46640625000032,
1188,,75.12656250000039,
1199,,110.55859375000077,
1200,,234.43749999999642,
1201,,107.36171875000073,
1203,,138.26484375000052,
1204,,140.39609375000043,
1206,,215.78906249999721,
1207,,142.79375000000033,
1208,,223.51484374999688,
1212,,52.74843750000016,
1213,,268.80390624999495,
1215,,109.22656250000075,
1219,,162.77421874999948,
1220,,162.77421874999948,
1221,,344.9960937499917,
1222,,174.229687499999,
1223,,84.71718750000049,
1225,,201.40312499999783,
1228,,76.99140625000041,
1230,,167.0367187499993,
1231,,66.6015625000003,
1233,,152.11796874999993,
1234,,138.26484375000052,
1235,,73.79453125000038,
1242,,117.48515625000084,
1244,,77.79062500000042,
1245,,42.62500000000005,
1246,,181.42265624999868,
1247,,150.7859375,
1249,,77.52421875000041,
1250,,128.14140625000095,
1252,,149.98671875000002,
1253,,59.67500000000023,
1254,,39.16171875000001,
1258,,195.0093749999981,
1259,,163.30703124999945,
1261,,68.46640625000032,
1262,,92.97578125000058,
1263,,94.3078125000006,
1266,,108.96015625000075,
1267,,72.72890625000036,
1269,,68.73281250000032,
1271,,72.46250000000036,
1272,,82.31953125000047,
1274,,70.06484375000034,
1275,,90.31171875000055,
1276,,113.2226562500008,
1278,,123.0796875000009,
1282,,95.3734375000006,
1285,,101.76718750000067,
1287,,78.05703125000042,
1288,,138.26484375000052,
1292,,55.94531250000019,
1293,,100.16875000000066,
1296,,71.39687500000035,
1298,,51.94921875000015,
1299,,66.6015625000003,
1302,,105.49687500000071,
1304,,159.31093749999962,
1307,,204.3335937499977,
1320,,126.80937500000094,
1321,,67.66718750000031,
1333,,89.77890625000055,
1339,,89.24609375000054,
1343,,67.1343750000003,
1345,,71.13046875000035,
1347,,65.80234375000029,
1356,,261.87734374999525,
1357,,89.77890625000055,
1358,,143.5929687500003,
1367,,124.41171875000092,
1370,,108.42734375000074,
1371,,99.90234375000065,
1372,,113.2226562500008,
1373,,71.92968750000036,
1374,,144.92500000000024,
1375,,106.56250000000072,
1376,,137.46562500000056,
1377,,74.86015625000039,
1380,,136.4000000000006,
1387,,171.8320312499991,
1391,,147.8554687500001,
1393,,228.57656249999667,
1394,,121.48125000000088,
1396,,118.28437500000085,
1405,,109.22656250000075,
1407,,161.17578124999955,
1408,,109.22656250000075,
1409,,68.73281250000032,
1411,,64.47031250000028,
1416,,71.39687500000035,
1441,,43.957031250000064,
1449,,47.1539062500001,
1466,,91.37734375000056,
1479,,78.05703125000042,
1485,,170.23359374999916,
1500,,133.46953125000073,
1513,,90.84453125000056,
1517,,194.7429687499981,
1527,,235.50312499999637,
1544,,114.28828125000081,
1552,,104.6976562500007,
1562,,67.4007812500003,
1569,,92.17656250000057,
1573,,122.5468750000009,
1584,,179.82421874999875,
1587,,42.35859375000005,
1597,,113.7554687500008,
1608,,107.36171875000073,
1610,,194.47656249999812,
1617,,280.79218749999444,
1625,,146.78984375000016,
1639,,133.46953125000073,
1641,,121.74765625000089,
1644,,62.871875000000266,
1645,,85.7828125000005,
1653,,166.50390624999932,
1663,,62.871875000000266,
1673,,133.46953125000073,
1674,,93.77500000000059,
1676,,120.41562500000087,
1682,,183.0210937499986,
1690,,97.77109375000063,
1722,,111.89062500000078,
1729,,90.04531250000055,
1732,,157.4460937499997,
1747,,101.76718750000067,
1748,,90.31171875000055,
1777,,114.82109375000081,
1779,,41.292968750000036,
1784,,207.53046874999757,
1805,,60.20781250000024,
1831,,56.4781250000002,
1876,,106.56250000000072,
1884,,53.28125000000016,
1907,,75.39296875000039,
1909,,122.8132812500009,
1911,,65.00312500000028,
1912,,65.26953125000028,
1917,,197.140624999998,
1918,,81.78671875000046,
1921,,68.20000000000032,
1923,,224.04765624999686,
1947,,67.93359375000031,
1952,,56.7445312500002,
1953,,75.39296875000039,
1954,,97.77109375000063,
1957,,66.3351562500003,
1960,,62.33906250000026,
1961,,235.50312499999637,
1962,,81.25390625000045,
1965,,55.67890625000019,
1967,,65.26953125000028,
1968,,200.07109374999789,
1982,,46.08828125000009,
1994,,69.79843750000033,
1997,,99.36953125000065,
2000,,124.41171875000092,
2001,,112.15703125000078,
2002,,76.7250000000004,
2003,,80.18828125000044,
2005,,74.32734375000038,
2006,,127.87500000000095,
2010,,39.96093750000002,
2011,,156.64687499999974,
2012,,173.43046874999902,
2018,,53.81406250000017,
2019,,105.49687500000071,
2020,,67.66718750000031,
2021,,72.99531250000037,
2023,,101.76718750000067,
2054,,161.44218749999953,
2058,,68.73281250000032,
2064,,65.80234375000029,
2076,,78.32343750000042,
2078,,67.4007812500003,
2080,,84.18437500000049,
2081,,122.01406250000089,
2085,,72.19609375000036,
2087,,67.1343750000003,
2094,,60.74062500000024,
2096,,51.682812500000146,
2100,,120.68203125000088,
2105,,85.5164062500005,
2109,,63.40468750000027,
2115,,171.2992187499991,
2124,,63.13828125000027,
2140,,84.45078125000049,
2144,,80.98750000000045,
2145,,74.06093750000038,
2150,,94.3078125000006,
2160,,74.59375000000038,
2161,,77.52421875000041,
2167,,88.97968750000054,
2174,,168.10234374999925,
2186,,42.89140625000005,
2193,,71.13046875000035,
2194,,127.07578125000094,
2231,,47.4203125000001,
2232,,35.16562499999997,
2248,,82.58593750000047,
2268,,139.0640625000005,
2273,,73.52812500000037,
2278,,92.70937500000058,
2288,,70.06484375000034,
2289,,68.73281250000032,
2291,,161.9749999999995,
2294,,79.92187500000044,
2300,,60.20781250000024,
2302,,150.51953125,
2313,,54.08046875000017,
2321,,115.08750000000082,
2324,,199.5382812499979,
2329,,264.54140624999513,
2336,,96.97187500000062,
2352,,55.67890625000019,
2353,,132.13750000000078,
2355,,188.88203124999836,
2366,,63.93750000000028,
2371,,53.547656250000166,
2393,,83.65156250000048,
2394,,72.19609375000036,
2395,,124.67812500000092,
2396,,246.6921874999959,
2406,,126.01015625000093,
2407,,108.69375000000075,
2420,,54.61328125000018,
2424,,88.97968750000054,
2427,,81.52031250000046,
2431,,53.547656250000166,
2455,,84.18437500000049,
2470,,94.5742187500006,
2490,,88.18046875000053,
2501,,82.58593750000047,
2502,,196.60781249999803,
2529,,102.83281250000068,
2539,,68.20000000000032,
2541,,89.51250000000054,
2542,,133.20312500000074,
2572,,141.4617187500004,
2580,,72.46250000000036,
2581,,85.5164062500005,
2599,,141.99453125000036,
2605,,95.1070312500006,
2617,,130.80546875000084,
2640,,126.54296875000094,
2641,,68.46640625000032,
2657,,122.8132812500009,
2671,,105.23046875000071,
2683,,250.68828124999573,
2692,,151.05234374999998,
2694,,103.8984375000007,
2699,,150.51953125,
2700,,155.0484374999998,
2701,,90.84453125000056,
2706,,249.0898437499958,
2710,,192.8781249999982,
2712,,150.253125,
2717,,62.871875000000266,
2722,,74.32734375000038,
2723,,90.04531250000055,
2724,,88.97968750000054,
2746,,71.66328125000035,
2761,,75.39296875000039,
2763,,127.87500000000095,
2770,,124.41171875000092,
2791,,167.0367187499993,
2795,,41.02656250000003,
2797,,158.51171874999966,
2804,,123.87890625000091,
2826,,86.31562500000051,
2871,,72.19609375000036,
2872,,62.07265625000026,
2881,,98.83671875000064,
2890,,97.23828125000063,
2908,,84.9835937500005,
2916,,159.5773437499996,
2918,,179.29140624999877,
2944,,62.60546875000026,
2947,,80.45468750000045,
2948,,53.01484375000016,
2951,,50.35078125000013,
2953,,39.69453125000002,
2968,,74.59375000000038,
2985,,96.70546875000062,
2987,,186.75078124999845,
2997,,278.39453124999454,
3000,,88.97968750000054,
3006,,69.79843750000033,
3020,,37.8296875,
3033,,74.06093750000038,
3039,,64.20390625000027,
3052,,128.14140625000095,
3060,,40.227343750000024,
3072,,83.11875000000047,
3081,,96.43906250000062,
3082,,68.73281250000032,
3101,,134.2687500000007,
3107,,80.18828125000044,
3108,,53.81406250000017,
3114,,244.82734374999598,
3147,,197.140624999998,
3148,,61.27343750000025,
3160,,109.22656250000075,
3174,,71.39687500000035,
3175,,120.41562500000087,
3176,,121.48125000000088,
3210,,62.60546875000026,
3253,,82.31953125000047,
3255,,96.70546875000062,
3256,,85.7828125000005,
3257,,39.69453125000002,
3273,,53.28125000000016,
3275,,70.06484375000034,
3301,,54.346875000000175,
3354,,58.34296875000022,
3362,,46.887500000000095,
3363,,59.941406250000234,
3386,,59.40859375000023,
3396,,68.20000000000032,
3408,,144.12578125000027,
3418,,106.29609375000072,
3421,,97.50468750000063,
3448,,74.86015625000039,
3471,,119.88281250000087,
3481,,127.34218750000095,
3489,,59.40859375000023,
3499,,62.871875000000266,
3504,,37.563281249999996,
3510,,85.5164062500005,
3527,,91.11093750000056,
3535,,53.28125000000016,
3552,,68.73281250000032,
3555,,70.06484375000034,
3617,,63.671093750000274,
3623,,156.91328124999973,
3624,,61.806250000000254,
3671,,78.58984375000043,
3683,,34.09999999999996,
3702,,61.53984375000025,
3703,,71.13046875000035,
3717,,79.65546875000044,
3751,,149.98671875000002,
3752,,67.1343750000003,
3753,,123.3460937500009,
3755,,96.70546875000062,
3785,,55.14609375000018,
3793,,263.74218749999517,
3798,,57.81015625000021,
3826,,59.67500000000023,
3863,,72.72890625000036,
3868,,47.1539062500001,
3897,,199.00546874999793,
3911,,93.50859375000059,
3916,,63.13828125000027,
3948,,125.21093750000092,
3949,,134.0023437500007,
3967,,59.40859375000023,
3977,,144.12578125000027,
3994,,87.38125000000052,
3996,,265.0742187499951,
4011,,152.11796874999993,
4014,,77.25781250000041,
4018,,68.20000000000032,
4022,,172.63124999999906,
4025,,70.59765625000034,
4027,,153.44999999999987,
4034,,157.4460937499997,
4085,,79.65546875000044,
4105,,35.96484374999998,
4223,,49.551562500000124,
4239,,46.35468750000009,
4246,,93.77500000000059,
4262,,74.06093750000038,
4270,,53.81406250000017,
4308,,82.58593750000047,
4310,,55.412500000000186,
4361,,73.52812500000037,
4367,,48.21953125000011,
4369,,44.75625000000007,
4370,,67.1343750000003,
4446,,50.35078125000013,
4447,,56.211718750000195,
4571,,56.7445312500002,
4638,,45.022656250000075,
4641,,34.89921874999997,
4643,,59.40859375000023,
4718,,63.13828125000027,
4720,,61.27343750000025,
4734,,43.957031250000064,
4776,,46.08828125000009,
4816,,45.55546875000008,
4848,,56.4781250000002,
4855,,27.70624999999995,
4874,,36.23124999999998,
4878,,174.229687499999,
4886,,246.95859374999588,
4896,,153.71640624999986,
4963,,210.46093749999744,
4973,,312.7609374999931,
4975,,58.34296875000022,
4979,,87.38125000000052,
4995,,203.26796874999775,
5010,,68.20000000000032,
5060,,116.95234375000084,
5064,,31.70234374999994,
5218,,79.65546875000044,
5299,,70.86406250000034,
5349,,195.0093749999981,
5377,,75.6593750000004,
5378,,134.53515625000068,
5418,,159.31093749999962,
5445,,215.25624999999724,
5459,,61.806250000000254,
5464,,47.4203125000001,
5481,,58.60937500000022,
5502,,63.93750000000028,
5618,,142.52734375000034,
5669,,85.7828125000005,
5679,,62.60546875000026,
5782,,38.362500000000004,
5816,,114.0218750000008,
5902,,63.40468750000027,
5903,,48.48593750000011,
5956,,35.43203124999997,
5989,,126.01015625000093,
5991,,65.80234375000029,
5995,,88.71328125000053,
6016,,169.1679687499992,
6218,,47.4203125000001,
6333,,117.75156250000084,
6365,,138.7976562500005,
6373,,59.67500000000023,
6377,,229.10937499999665,
6378,,62.871875000000266,
6502,,103.36562500000069,
6537,,48.48593750000011,
6539,,242.1632812499961,
6711,,117.21875000000084,
6807,,62.07265625000026,
6863,,48.752343750000115,
6870,,48.752343750000115,
6874,,203.00156249999776,
6934,,88.71328125000053,
6942,,67.93359375000031,
6947,,33.56718749999995,
6953,,43.157812500000055,
7090,,44.48984375000007,
7143,,76.1921875000004,
7147,,86.31562500000051,
7254,,62.07265625000026,
7293,,48.21953125000011,
7361,,243.22890624999604,
7438,,166.23749999999933,
7458,,36.23124999999998,
8360,,111.35781250000078,
8361,,31.70234374999994,
8368,,101.50078125000067,
8464,,54.346875000000175,
8622,,53.01484375000016,
8636,,118.55078125000085,
8644,,55.67890625000019,
8665,,98.03750000000063,
8784,,75.12656250000039,
8798,,51.94921875000015,
8874,,79.65546875000044,
8949,,44.48984375000007,
8961,,189.94765624999832,
8970,,45.821875000000084,
27773,,49.551562500000124,
30707,,62.60546875000026,
30749,,77.52421875000041,
30793,,49.01875000000012,
32587,,124.67812500000092,
33004,,34.09999999999996,
33166,,63.13828125000027,
33493,,83.65156250000048,
33679,,31.43593749999994,
33794,,175.02890624999895,
34162,,45.55546875000008,
34405,,67.93359375000031,
35836,,75.39296875000039,
36529,,32.50156249999994,
40815,,83.38515625000048,
40819,,45.55546875000008,
41566,,50.617187500000135,
44191,,124.94453125000092,
44665,,43.157812500000055,
45722,,64.47031250000028,
46578,,106.56250000000072,
46976,,46.887500000000095,
48385,,50.88359375000014,
48394,,95.3734375000006,
48516,,150.7859375,
48774,,61.806250000000254,
48780,,100.16875000000066,
49272,,107.89453125000074,
49530,,61.806250000000254,
50872,,68.20000000000032,
51255,,54.08046875000017,
51662,,99.90234375000065,
53125,,38.89531250000001,
54001,,49.28515625000012,
54272,,38.09609375,
54286,,99.63593750000065,
54503,,54.61328125000018,
55765,,37.8296875,
55820,,83.91796875000048,
56174,,42.092187500000044,
56367,,98.30390625000064,
56782,,37.03046874999999,
58559,,322.61796874999266,
59315,,120.68203125000088,
60069,,122.5468750000009,
60684,,45.55546875000008,
63082,,86.58203125000051,
64614,,48.21953125000011,
68157,,102.56640625000068,
68358,,74.32734375000038,
68954,,96.43906250000062,
69122,,72.46250000000036,
70286,,76.7250000000004,
71535,,51.41640625000014,
72998,,107.89453125000074,
79132,,196.07499999999806,
80463,,42.092187500000044,
81591,,51.94921875000015,
89745,,55.94531250000019,
