item,weight_vector,weight,difference
318,-100280.6348788993,1146.346093750093,-101426.9809726494
50,-14769.763554881565,683.5984375000139,-15453.361992381579
1221,-5541.2475116500045,344.9960937499917,-5886.243605399996
904,-1868.1582157521455,168.90156249999922,-2037.0597782521447
912,-1018.1753965795442,293.8460937499939,-1312.0214903295382
296,-0.04018952280259892,1147.411718750093,-1147.4519082728957
356,2.2997337961545457e-16,1112.7789062500872,-1112.7789062500872
593,7.00009927228882,1056.0343750000775,-1049.0342757277888
1193,-533.7858150286711,350.59062499999146,-884.3764400286625
110,8.854628378212093e-12,839.1796875000405,-839.1796875000316
260,6.1638325773030616,805.8789062500348,-799.7150736727317
2571,-15.84054442287884,674.8070312500124,-690.6475756728912
1210,1.483071477827906e-23,623.3906250000036,-623.3906250000036
608,0.03379852345442399,598.3484374999994,-598.314638976545
2858,10.154948117013317,599.1476562499995,-588.9927081329862
47,-8.037798581072879e-10,571.1749999999947,-571.1750000007985
1196,-15.43865705410976,526.152343749987,-541.5910008040968
1198,-10.689391097884418,510.43437499998464,-521.1237660978691
4993,-0.5299330502793896,475.53515624998613,-476.0650893002655
2959,91.432490459971,545.8664062499904,-454.4339157900194
5952,-0.00010397100636517644,437.97187499998773,-437.9719789709941
2028,3.1654368791156792e-12,436.1070312499878,-436.10703124998463
2762,-1.985270856542449e-13,424.1187499999883,-424.1187499999885
7153,-0.4802458409738758,396.9453124999895,-397.42555834096333
1197,-3.4865390881803835,364.97656249999085,-368.46310158817124
17,1.2654019440778523e-28,360.44765624999104,-360.44765624999104
4226,-8.127701479744431,346.32812499999164,-354.45582647973606
1136,-4.826018281245016,326.0812499999925,-330.9072682812375
4973,-3.441164922056338,312.7609374999931,-316.2021024220494
58559,7.755483157665803,322.61796874999266,-314.86248559232683
541,11.193172226593902,313.56015624999304,-302.36698402339914
2019,-183.27041739260974,105.49687500000071,-288.76729239261044
1214,2.8062872872051566e-18,286.9195312499942,-286.9195312499942
111,-0.02773448384322026,284.2554687499943,-284.2832032338375
1617,1.4908971128533923e-08,280.79218749999444,-280.7921874850855
1291,-1.0442278666638238e-32,280.52578124999445,-280.52578124999445
2329,0.9491085491140406,264.54140624999513,-263.5922977008811
293,5.87193473358264e-08,261.34453124999527,-261.3445311912759
1704,-1.1361711152826863e-11,258.9468749999954,-258.94687500000674
1213,13.149635031203609,268.80390624999495,-255.65427121879134
1089,-0.000248474968983862,251.75390624999568,-251.75415472496465
778,-3.757966879788723e-27,249.35624999999578,-249.35624999999578
7361,-0.005282246220633751,243.22890624999604,-243.2341884962167
1212,-177.82218516577427,52.74843750000016,-230.57062266577444
1208,0.008272217353754292,223.51484374999688,-223.50657153264314
6016,-41.630386486399665,169.1679687499992,-210.79835523639886
79132,-8.808366997339073,196.07499999999806,-204.88336699733713
2324,-4.499191874266148,199.5382812499979,-204.03747312426407
1225,-1.2461262406497023e-09,201.40312499999783,-201.40312500124395
58,-2.516974722115035e-26,199.5382812499979,-199.5382812499979
1258,-5.059365224014645e-26,195.0093749999981,-195.0093749999981
919,4.920513525344279e-52,195.0093749999981,-195.0093749999981
1080,6.778792499227171e-42,186.48437499999847,-186.48437499999847
1203,-41.380757023202456,138.26484375000052,-179.64560077320297
1222,-5.789954843092911e-14,174.229687499999,-174.22968749999905
4878,-6.281557426288552e-19,174.229687499999,-174.229687499999
923,11.48972997841903,180.35703124999873,-168.8673012715797
1230,-3.855872658350158e-08,167.0367187499993,-167.03671878855803
1219,-4.7029372629119476e-09,162.77421874999948,-162.77421875470242
1304,9.728946910984828e-17,159.31093749999962,-159.31093749999962
1148,7.2752838980873324,162.5078124999995,-155.23252860191215
5618,-9.811076082620996,142.52734375000034,-152.33841983262133
4011,-7.851734239120255e-11,152.11796874999993,-152.11796875007846
2692,2.5593627996782798e-15,151.05234374999998,-151.05234374999998
48516,-0.007196444257953717,150.7859375,-150.79313394425793
1247,-6.459220348758616e-08,150.7859375,-150.7859375645922
1207,-2.656945313268168,142.79375000000033,-145.4506953132685
1358,-3.9788758028515603e-11,143.5929687500003,-143.5929687500401
745,-9.747669523451146,133.73593750000072,-143.48360702345187
246,-8.175005189208325e-12,143.06015625000032,-143.0601562500085
1233,10.63970331349437,152.11796874999993,-141.47826543650555
903,-0.9974347227467384,139.0640625000005,-140.06149722274722
1178,-110.4278783354527,27.97265624999995,-138.40053458545265
1288,2.4010167629303016e-18,138.26484375000052,-138.26484375000052
3949,8.341207028137645e-13,134.0023437500007,-134.00234374999988
1234,5.168432076005598,138.26484375000052,-133.09641167399494
1204,10.125884957375618,140.39609375000043,-130.27020879262483
953,4.76173940993039e-12,129.4734375000009,-129.47343749999612
1250,0.01729963003780596,128.14140625000095,-128.12410661996316
2804,5.950584239746688e-07,123.87890625000091,-123.87890565494249
913,13.531057690941092,137.19921875000057,-123.66816105905947
1278,2.4925249974741015e-25,123.0796875000009,-123.0796875000009
60069,5.165405120733484e-12,122.5468750000009,-122.54687499999574
1252,30.080055404749334,149.98671875000002,-119.90666334525069
1201,-11.623238340443663,107.36171875000073,-118.9849570904444
1242,2.338451917459169e-28,117.48515625000084,-117.48515625000084
910,1.4039733309744833e-07,114.55468750000081,-114.55468735960348
1276,-0.00878896305941353,113.2226562500008,-113.23144521306021
1199,-1.1443520789737717e-12,110.55859375000077,-110.55859375000192
899,-6.165680618424122e-07,109.75937500000076,-109.75937561656882
720,0.0006006468950571544,104.1648437500007,-104.16424310310565
969,-0.004802010726907487,103.36562500000069,-103.3704270107276
68157,-1.2940124437271391e-18,102.56640625000068,-102.56640625000068
48780,-1.0049984803953324e-09,100.16875000000066,-100.16875000100565
1293,-2.3204717709104706e-26,100.16875000000066,-100.16875000000066
1172,-0.29565275238877775,96.70546875000062,-97.0011215023894
68954,9.952078160817275e-06,96.43906250000062,-96.43905254792246
48394,2.92078623411438e-13,95.3734375000006,-95.3734375000003
908,71.48424508727452,164.9054687499994,-93.42122366272487
1262,1.1133256170883725,92.97578125000058,-91.8624556329122
306,-0.00031073710590529143,90.84453125000056,-90.84484198710646
3000,-0.00022870593560244448,88.97968750000054,-88.97991620593614
5995,-5.676749725295042e-10,88.71328125000053,-88.71328125056822
1223,0.0012921562575184207,84.71718750000049,-84.71589534374297
1272,-7.804898931846458e-13,82.31953125000047,-82.31953125000125
898,-8.664187644634351,71.13046875000035,-79.7946563946347
307,4.9760033998828554e-20,79.65546875000044,-79.65546875000044
800,-6.343276633240374e-06,78.58984375000043,-78.58985009327706
1244,-5.643977910690087e-10,77.79062500000042,-77.79062500056482
30749,-8.600458184772845e-14,77.52421875000041,-77.5242187500005
1228,1.4457057770665532e-05,76.99140625000041,-76.99139179294264
1284,-18.51895547527176,55.94531250000019,-74.46426797527195
1267,-1.642487468600959,72.72890625000036,-74.37139371860133
68358,1.020889250529444e-62,74.32734375000038,-74.32734375000038
1235,-2.071899694618513e-52,73.79453125000038,-73.79453125000038
232,2.089088766958445e-07,73.52812500000037,-73.5281247910915
3275,2.5608443085220957e-23,70.06484375000034,-70.06484375000034
77658,-55.06354519291142,14.918749999999985,-69.98229519291141
1269,-7.133790374156692e-09,68.73281250000032,-68.73281250713411
34405,1.4986469868549923e-13,67.93359375000031,-67.93359375000016
162,7.200288940651003e-27,67.1343750000003,-67.1343750000003
1041,1.7379974061039165e-07,67.1343750000003,-67.13437482620057
1299,-0.00011425126274401158,66.6015625000003,-66.60167675126304
1175,-1.719904643231862e-32,66.6015625000003,-66.6015625000003
81845,1.7636224076610278e-17,59.142187500000226,-59.142187500000226
1256,-11.457263917781178,46.887500000000095,-58.34476391778127
916,6.09124633504146e-07,57.81015625000021,-57.81015564087558
78499,-3.433191470645606e-20,56.211718750000195,-56.211718750000195
89745,-1.796203895136967e-27,55.94531250000019,-55.94531250000019
1292,-1.9876621798435032e-28,55.94531250000019,-55.94531250000019
5971,-0.39345173367277386,54.61328125000018,-55.006732983672954
1248,-19.926382376691738,34.632812499999964,-54.559194876691706
31658,0.005167571882064737,52.74843750000016,-52.743269928118096
954,5.549270486005306e-21,51.41640625000014,-51.41640625000014
91529,2.0951098952433566e-20,51.15000000000014,-51.15000000000014
76093,-3.2624170573730723e-19,50.617187500000135,-50.617187500000135
27773,0.00011657634176970094,49.551562500000124,-49.551445923658356
99114,-7.037205132057379e-07,49.28515625000012,-49.28515695372064
994,-7.652789236666283e-12,49.28515625000012,-49.28515625000777
1537,-1.414073220095163e-35,49.28515625000012,-49.28515625000012
64614,7.440030005787065e-31,48.21953125000011,-48.21953125000011
1254,-7.253992189007999,39.16171875000001,-46.41571093900801
290,-4.296833832957971e-15,42.89140625000005,-42.89140625000006
1245,-3.340394852909383e-31,42.62500000000005,-42.62500000000005
1945,-1.509255111807159,41.02656250000003,-42.53581761180719
1086,-3.4085756687278986e-09,42.35859375000005,-42.35859375340862
2186,0.6294981886450747,42.89140625000005,-42.26190806135498
2788,-1.044700394840683e-25,41.292968750000036,-41.292968750000036
909,-1.2104171626884455e-11,41.02656250000003,-41.02656250001214
926,-3.2939886874996525,37.03046874999999,-40.324457437499646
2010,2.0085351524045776e-31,39.96093750000002,-39.96093750000002
4235,2.10095003479746e-17,39.69453125000002,-39.69453125000002
3083,9.166763601980697e-20,38.89531250000001,-38.89531250000001
1224,-2.814001235569499,35.96484374999998,-38.77884498556948
5782,-0.001920168764374897,38.362500000000004,-38.364420168764376
68237,4.6169142784791494e-09,38.362500000000004,-38.36249999538309
1283,7.635948496479167e-08,38.09609375,-38.09609367364052
1260,-6.011969633503056,31.96874999999994,-37.98071963350299
82,3.484630970186959e-14,37.8296875,-37.82968749999996
3504,4.50255938972668e-16,37.563281249999996,-37.563281249999996
92259,-1.595227172926909,35.96484374999998,-37.56007092292689
930,1.5773821381068316,38.89531250000001,-37.317930361893175
933,1.8334881355761293e-08,35.698437499999976,-35.698437481665096
28,-3.726207395134897e-05,35.43203124999997,-35.432068512073926
66934,-0.0008537123442415428,35.16562499999997,-35.16647871234421
3683,1.2972580872613704e-16,34.09999999999996,-34.09999999999996
26614,6.109234069630448e-08,33.833593749999956,-33.83359368890761
1147,-0.9691173035168187,32.50156249999994,-33.47067980351676
5291,-3.9842963689194324,28.771874999999948,-32.75617136891938
955,-9.762502644473291e-09,31.96874999999994,-31.96875000976244
1237,0.0044483334022672495,31.43593749999994,-31.431489166597675
6787,-1.3263993190289407e-12,31.16953124999994,-31.169531250001267
928,0.020678275697225575,30.636718749999943,-30.616040474302718
6350,0.000431115572017691,30.103906249999945,-30.103475134427928
1300,-5.412127404639953e-09,29.837499999999945,-29.83750000541207
3462,-0.45238417890154053,29.038281249999947,-29.490665428901487
951,-1.4453065837886918,27.97265624999995,-29.417962833788643
911,-4.3669012263291016e-07,28.771874999999948,-28.77187543669007
1189,-11.53958860906625,17.04999999999998,-28.58958860906623
27611,1.687453369767525e-07,28.50546874999995,-28.50546858125461
1211,-3.7470510712902204e-18,27.97265624999995,-27.97265624999995
3089,-0.6487991146466334,26.907031249999953,-27.555830364646585
3088,7.036747795308366e-10,27.43984374999995,-27.439843749296276
7099,-0.029559883093775403,27.173437499999952,-27.202997383093727
8132,1.5879292903055362e-21,27.173437499999952,-27.173437499999952
31410,6.09545136477947e-08,26.907031249999953,-26.90703118904544
2859,-11.510401579081844,15.185156249999984,-26.695557829081828
965,-2.1087865359554262e-17,26.374218749999955,-26.374218749999955
1280,1.397637628634492,27.173437499999952,-25.77579987136546
905,1.7208092599822906,27.43984374999995,-25.719034490017663
1446,4.230299611254672e-13,25.574999999999957,-25.574999999999534
5690,-0.0008062239147912948,25.308593749999957,-25.309399973914747
1281,2.3889328197077846e-07,25.308593749999957,-25.308593511106675
3037,3.690743276338662e-30,25.042187499999958,-25.042187499999958
5878,4.901539684298666e-24,25.042187499999958,-25.042187499999958
3730,-2.087337951543401e-05,24.77578124999996,-24.775802123379474
1303,-1.5674067331226914e-06,24.50937499999996,-24.509376567406694
2360,-7.383152690167939,17.04999999999998,-24.43315269016792
1719,-9.886827600260928e-22,24.24296874999996,-24.24296874999996
2357,-0.011334417408105844,23.97656249999996,-23.987896917408065
2132,-2.3572144226933984e-07,23.71015624999996,-23.710156485721402
109374,-2.072358733999874e-15,23.71015624999996,-23.710156249999965
1251,-3.4044132936208634e-12,23.177343749999963,-23.177343750003367
1217,6.106167978834912,29.038281249999947,-22.932113271165036
2973,1.1263523736244467e-15,22.378124999999965,-22.378124999999965
109487,4.454502268758949e-08,22.378124999999965,-22.378124955454943
2731,1.4741137932255874,23.71015624999996,-22.236042456774374
1132,-0.0018016533684761067,22.111718749999966,-22.11352040336844
61240,1.4224893518856645e-13,21.845312499999967,-21.845312499999824
1950,-3.6882509718240754e-07,21.578906249999967,-21.578906618825066
6331,4.4001443645710676e-12,21.578906249999967,-21.578906249995566
94959,5.795613497122426e-15,21.312499999999968,-21.31249999999996
2351,-12.035420092668721,9.0578125,-21.09323259266872
55442,-1.0087520765068333e-22,20.77968749999997,-20.77968749999997
26662,4.624560975944857e-28,19.714062499999972,-19.714062499999972
3983,-7.753608087036076e-06,19.447656249999973,-19.44766400360806
7156,0.01744652556935079,19.447656249999973,-19.43020972443062
6867,-4.989303086067354e-26,19.181249999999974,-19.181249999999974
3359,-1.1607581204806574e-15,19.181249999999974,-19.181249999999974
942,0.07127059057074164,19.181249999999974,-19.109979409429233
581,-7.978798114261797e-16,18.914843749999974,-18.914843749999974
1209,11.480035946005467,30.370312499999944,-18.890276553994475
213,-3.110623867256947e-07,18.648437499999975,-18.64843781106236
1218,3.4686089316124603e-06,18.382031249999976,-18.382027781391045
678,0.005489560969441748,18.382031249999976,-18.376541689030535
3196,-0.0053914283861391295,18.115624999999977,-18.121016428386117
1264,-2.0495649400131358e-10,17.849218749999977,-17.849218750204933
3334,-1.3123828883021135e-21,17.849218749999977,-17.849218749999977
6104,2.2993030295336002e-29,17.849218749999977,-17.849218749999977
8228,2.51768706077233e-05,17.849218749999977,-17.84919357312937
1131,11.045039389640461,28.50546874999995,-17.460429360359488
7669,7.723473385651104e-11,17.31640624999998,-17.316406249922743
3035,-3.4925510348896445e-06,17.04999999999998,-17.050003492551014
1273,-3.94167453838317e-11,16.78359374999998,-16.783593750039397
599,-1.4403930818244575e-26,16.78359374999998,-16.78359374999998
950,7.942768231615834,24.50937499999996,-16.566606768384126
2070,-3.129446094430153e-40,16.51718749999998,-16.51718749999998
4144,5.053125695255e-14,16.51718749999998,-16.51718749999993
668,-11.589464467694581,4.795312500000001,-16.384776967694584
3022,-1.6695126049822318,14.652343749999986,-16.321856354982216
7256,-1.6170747000895082e-06,16.25078124999998,-16.250782867074683
3265,2.0532623200885156e-32,16.25078124999998,-16.25078124999998
53123,-1.0225165907221066e-33,16.25078124999998,-16.25078124999998
112556,-8.0584973045057e-25,15.984374999999982,-15.984374999999982
2203,-1.141960735401172,14.652343749999986,-15.794304485401158
3468,11.660532196784144,27.173437499999952,-15.512905303215808
97,1.5286309661701583e-19,15.451562499999984,-15.451562499999984
945,-1.0963653758495669e-08,15.185156249999984,-15.185156260963637
2208,0.00019257593657843745,14.119531249999987,-14.119338674063409
3469,-0.004050903604135689,13.586718749999989,-13.590769653604124
8014,-2.473555847099391e-09,13.586718749999989,-13.586718752473544
3741,2.7938310451939023e-12,13.586718749999989,-13.586718749997194
1361,0.058276447779868845,13.586718749999989,-13.52844230222012
2843,-3.4533688919500504e-08,13.32031249999999,-13.320312534533679
3152,3.917774765693992e-30,13.32031249999999,-13.32031249999999
3811,-4.91762905838489e-11,13.05390624999999,-13.053906250049167
3307,9.877207061953772,22.910937499999964,-13.033730438046192
113315,-12.751575266319229,0.26640625,-13.017981516319228
3819,-0.00018303859979198954,12.78749999999999,-12.787683038599782
1046,-5.794454492056594e-13,12.78749999999999,-12.78750000000057
55908,1.3022636515163804e-32,12.521093749999991,-12.521093749999991
1066,-8.58800365882179e-12,12.254687499999992,-12.25468750000858
4967,6.0429025876470995e-33,12.254687499999992,-12.254687499999992
947,4.715543648830427e-07,11.721874999999994,-11.721874528445628
3629,2.241112472780516e-05,11.721874999999994,-11.721852588875265
326,0.0006267064723564402,11.721874999999994,-11.721248293527637
5008,0.8194795719966012,12.521093749999991,-11.70161417800339
116797,-1.564422626891965e-13,11.455468749999994,-11.45546875000015
3097,7.935012643473719e-19,11.455468749999994,-11.455468749999994
7981,-3.9365617877633747e-16,11.455468749999994,-11.455468749999994
1232,1.751133655765108e-10,11.455468749999994,-11.455468749824881
906,4.016738701413319e-12,11.189062499999995,-11.189062499995979
4427,1.439259763619759e-09,11.189062499999995,-11.189062498560736
4037,2.248417945865611e-61,10.922656249999996,-10.922656249999996
27803,1.0703065613737898e-40,10.922656249999996,-10.922656249999996
4914,-3.022389609931993e-17,10.922656249999996,-10.922656249999996
2732,2.0577989014028378e-25,10.656249999999996,-10.656249999999996
2726,-4.356478874854852e-06,10.389843749999997,-10.389848106478873
77455,-1.1582512124826487e-17,9.857031249999999,-9.857031249999999
1949,1.6202344071627255,11.455468749999994,-9.83523434283727
1939,-0.0719705139309462,9.590625,-9.662595513930945
26131,-7.676689426999678e-08,9.32421875,-9.324218826766895
71899,-9.331192306342544e-16,9.32421875,-9.324218750000002
3677,-9.180806948615142e-08,9.0578125,-9.05781259180807
556,-3.656139503764773e-28,9.0578125,-9.0578125
3801,1.4744809635944776e-09,9.0578125,-9.05781249852552
3091,2.1396885902888384e-09,9.0578125,-9.057812497860311
86345,-0.004900732834285868,8.791406250000001,-8.796306982834288
59387,4.258845935232019e-30,8.791406250000001,-8.791406250000001
3814,-1.350182355597262e-32,8.791406250000001,-8.791406250000001
86377,-0.01074498736940556,8.525000000000002,-8.535744987369407
7327,0.010490256961510772,8.525000000000002,-8.514509743038492
92535,-0.00041593473024412533,8.258593750000003,-8.259009684730247
7063,-2.0791915324929823e-14,8.258593750000003,-8.258593750000024
5147,0.0061005154937440395,8.258593750000003,-8.25249323450626
3134,1.0393238051005014,9.0578125,-8.0184886948995
3077,-0.00017026594188626357,7.725781250000003,-7.7259515159418894
2624,-7.307547763801602e-18,7.725781250000003,-7.725781250000003
65514,-1.2245079481402597e-16,7.725781250000003,-7.725781250000003
936,1.555511945559465e-20,7.725781250000003,-7.725781250000003
214,1.6926817360604147e-09,7.725781250000003,-7.725781248307322
2920,0.022133905394925102,7.725781250000003,-7.703647344605078
7132,-1.0995805130070181e-10,7.192968750000003,-7.192968750109961
2935,1.843279905509807,8.791406250000001,-6.948126344490195
3090,-8.37374060855148e-05,6.660156250000003,-6.660239987406088
30803,-5.1873034761115666e-11,6.660156250000003,-6.660156250051876
27815,1.890983581170096e-26,6.660156250000003,-6.660156250000003
5319,6.4430324951340244e-24,6.660156250000003,-6.660156250000003
5385,6.536569439306671e-15,6.660156250000003,-6.6601562499999964
2936,6.5458501695144675e-09,6.660156250000003,-6.660156243454153
3470,6.462251024738582e-07,6.660156250000003,-6.6601556037749
71033,3.5275498561696596e-05,6.660156250000003,-6.660120974501441
7766,-3.3513702291998246e-08,6.3937500000000025,-6.3937500335137045
7116,-7.354507727125202e-27,6.3937500000000025,-6.3937500000000025
2330,0.0034428487825475403,6.3937500000000025,-6.3903071512174545
62336,-2.496091756630923e-11,6.127343750000002,-6.127343750024963
58303,3.5080702538824286e-34,6.127343750000002,-6.127343750000002
80906,6.519164350513101e-11,6.127343750000002,-6.127343749934811
1236,6.424776986755694e-07,6.127343750000002,-6.127343107522304
2905,-0.04426550745164349,5.860937500000002,-5.905203007451646
86347,-0.009575068072983549,5.860937500000002,-5.870512568072986
96829,-4.932725232697481e-05,5.860937500000002,-5.860986827252329
6235,-5.217959657946893e-30,5.860937500000002,-5.860937500000002
4187,2.980157599339566e-33,5.860937500000002,-5.860937500000002
1809,-2.4247071743519315e-21,5.860937500000002,-5.860937500000002
6985,-2.4612998285166833e-08,5.594531250000002,-5.594531274613
55721,-2.8066276663033393e-25,5.594531250000002,-5.594531250000002
3429,11.949461679643633,17.31640624999998,-5.366944570356345
7013,-4.038715587749803e-08,5.328125000000002,-5.328125040387158
363,2.8215553120697297e-15,5.328125000000002,-5.328124999999999
6669,2.9075546259649605,7.9921875000000036,-5.084632874035043
26729,-9.229529613565358e-21,5.061718750000002,-5.061718750000002
66371,-2.817777515432097e-18,5.061718750000002,-5.061718750000002
927,2.5246818200448706e-32,5.061718750000002,-5.061718750000002
1900,3.770159385604821e-14,5.061718750000002,-5.061718749999964
3789,9.68926217064812e-13,5.061718750000002,-5.061718749999033
7215,1.4635476757357265e-12,5.061718750000002,-5.061718749998538
26150,-0.00962752393396262,4.795312500000001,-4.804940023933964
2937,-0.0004578763654307327,4.795312500000001,-4.795770376365432
3224,-1.0595330556978745e-12,4.795312500000001,-4.795312500001061
74324,1.4943412446742073e-18,4.795312500000001,-4.795312500000001
89774,-7.988491236186664e-22,4.795312500000001,-4.795312500000001
85774,1.223010528058624e-08,4.795312500000001,-4.7953124877698965
85342,-3.2278328952264412e-24,4.528906250000001,-4.528906250000001
112552,0.016939726608015543,4.528906250000001,-4.511966523391986
6650,-1.6746927720864423e-07,4.262500000000001,-4.262500167469279
3634,-1.8052678766374988e-15,4.262500000000001,-4.262500000000003
4928,4.382545268394683e-18,4.262500000000001,-4.262500000000001
38304,-1.1537918463825036e-17,4.262500000000001,-4.262500000000001
7234,-4.304848850392927e-17,4.262500000000001,-4.262500000000001
8477,-1.1305217215665671e-25,4.262500000000001,-4.262500000000001
7700,2.5155901939480658e-05,4.262500000000001,-4.262474844098062
4783,-3.521399162291545e-20,3.9960937500000013,-3.9960937500000013
3415,-1.2062904709107367e-17,3.9960937500000013,-3.9960937500000013
2609,-1.2383592801320626e-26,3.9960937500000013,-3.9960937500000013
7587,0.0014941577495472546,3.9960937500000013,-3.994599592250454
3435,39.36692487872588,43.157812500000055,-3.790887621274173
65188,-2.25297135026861e-12,3.729687500000001,-3.729687500002254
7767,-1.5007033162615981e-12,3.729687500000001,-3.7296875000015017
26903,-2.575668278641489e-19,3.729687500000001,-3.729687500000001
96488,1.6134664547632847e-24,3.729687500000001,-3.729687500000001
5017,-7.192197503172715e-21,3.729687500000001,-3.729687500000001
31364,-3.702812478224098e-14,3.463281250000001,-3.463281250000038
27741,-5.2469261980857004e-20,3.463281250000001,-3.463281250000001
8580,2.4861637051092876e-26,3.463281250000001,-3.463281250000001
89759,1.7726323276927196e-17,3.463281250000001,-3.463281250000001
37240,4.1252943646044475e-35,3.463281250000001,-3.463281250000001
6783,1.2313357765034249e-09,3.463281250000001,-3.463281248768665
3038,-5.435234921370382e-10,3.196875000000001,-3.1968750005435242
4920,-4.842187232824182e-32,3.196875000000001,-3.196875000000001
26528,1.363094865943543e-15,3.196875000000001,-3.1968749999999995
3989,-1.0423559835160172e-14,2.9304687500000006,-2.930468750000011
93721,-3.7336703890039338e-28,2.9304687500000006,-2.9304687500000006
2066,1.3147643145268575,3.9960937500000013,-2.6813294354731436
27727,8.940866779625654e-17,2.6640625000000004,-2.6640625000000004
5603,1.9709054491912692e-44,2.6640625000000004,-2.6640625000000004
5475,-8.72430152152588e-20,2.6640625000000004,-2.6640625000000004
7762,-7.603545737325395e-28,2.6640625000000004,-2.6640625000000004
8656,-2.6874248709334724e-08,2.3976562500000003,-2.397656276874249
2925,-4.157911636270352e-09,2.3976562500000003,-2.397656254157912
7505,5.398243038910213e-19,2.3976562500000003,-2.3976562500000003
26326,4.7057962362609165e-23,2.3976562500000003,-2.3976562500000003
8491,1.3368301675394352e-17,2.3976562500000003,-2.3976562500000003
7566,3.1019945076472285e-10,2.3976562500000003,-2.397656249689801
6643,4.38391050428391e-10,2.3976562500000003,-2.397656249561609
8125,5.935833498174875e-10,2.3976562500000003,-2.397656249406417
4432,9.243157286788361e-07,2.3976562500000003,-2.3976553256842714
26082,1.1166669369347277e-06,2.3976562500000003,-2.397655133333063
36363,-1.2198141845490106e-10,2.13125,-2.1312500001219816
27002,-2.6551108362554212e-12,2.13125,-2.1312500000026553
84847,6.1682446679709005e-27,2.13125,-2.13125
8620,2.0999363352637963e-35,2.13125,-2.13125
95858,3.75661097409468e-18,2.13125,-2.13125
8128,-1.821691715545642e-35,2.13125,-2.13125
93040,-0.11418117228330674,1.86484375,-1.9790249222833067
108583,-0.07294564033087148,1.86484375,-1.9377893903308714
5121,2.2129403110484313e-23,1.86484375,-1.86484375
50658,3.6841821532047346e-33,1.86484375,-1.86484375
3739,2.0294937832331025e-16,1.86484375,-1.8648437499999997
7396,5.100740651879544e-05,1.86484375,-1.8647927425934812
7926,0.06041782195943355,1.86484375,-1.8044259280405663
4298,-7.777832040640534e-07,1.5984375,-1.598438277783204
86781,-4.083287934286647e-12,1.5984375,-1.5984375000040831
26578,-6.349755286978389e-22,1.5984375,-1.5984375
5056,1.5020855104260407e-24,1.5984375,-1.5984375
32460,3.7816648041740054e-28,1.5984375,-1.5984375
32892,-2.7655292952052473e-17,1.5984375,-1.5984375
5304,-8.776821748385414e-22,1.5984375,-1.5984375
33779,-2.4663706316395328e-08,1.33203125,-1.3320312746637064
2931,-1.2549618990861587e-13,1.33203125,-1.3320312500001255
602,-2.1826325652719466e-14,1.33203125,-1.3320312500000218
5825,-1.3388968947719788e-19,1.33203125,-1.33203125
7043,4.7363826349138434e-21,1.33203125,-1.33203125
7941,-1.660959216001222e-19,1.33203125,-1.33203125
95311,5.166396633920763e-15,1.33203125,-1.332031249999995
6896,1.308782809235182e-09,1.33203125,-1.3320312486912171
5498,8.193257125638662e-07,1.33203125,-1.3320304306742874
60904,-4.4442411374729665e-06,1.065625,-1.0656294442411376
93988,-2.6467766013845555e-08,1.065625,-1.065625026467766
8516,2.7977174411297307e-19,1.065625,-1.065625
6935,-1.878690120943055e-28,1.065625,-1.065625
100556,-4.512903448513877e-24,1.065625,-1.065625
26712,1.2159159331902235e-15,1.065625,-1.065624999999999
32853,3.4792848583600583e-15,1.065625,-1.0656249999999965
96606,5.117579340393495e-13,1.065625,-1.0656249999994882
6818,7.84430849048952e-07,1.065625,-1.065624215569151
104069,5.0441695028559925e-06,1.065625,-1.0656199558304973
108979,-7.690556861408996e-07,0.7992187500000001,-0.7992195190556862
7938,-1.1560572386575886e-07,0.7992187500000001,-0.799218865605724
7939,-2.8743276386707106e-13,0.7992187500000001,-0.7992187500002875
5932,-4.333554257532302e-23,0.7992187500000001,-0.7992187500000001
26003,1.7417297479312574e-20,0.7992187500000001,-0.7992187500000001
42217,-3.508277634266999e-27,0.7992187500000001,-0.7992187500000001
6123,-1.1299995695138993e-23,0.7992187500000001,-0.7992187500000001
8188,-1.0146421822393482e-22,0.7992187500000001,-0.7992187500000001
82143,-3.337545541658383e-30,0.7992187500000001,-0.7992187500000001
7820,1.0140358855851355e-11,0.7992187500000001,-0.7992187499898598
7096,1.670226682671101e-11,0.7992187500000001,-0.7992187499832978
48045,8.129272851488988e-09,0.7992187500000001,-0.7992187418707273
58425,1.386962927773575e-07,0.7992187500000001,-0.7992186113037073
6918,-4.524519395508138e-12,0.5328125,-0.5328125000045245
3338,-4.794903522317361e-62,0.5328125,-0.5328125
6981,-3.5332887206662445e-20,0.5328125,-0.5328125
89678,3.807584452949338e-19,0.5328125,-0.5328125
3226,-2.026718412723999e-22,0.5328125,-0.5328125
5022,1.7872189343273717e-27,0.5328125,-0.5328125
32657,2.4101761074374646e-20,0.5328125,-0.5328125
53883,7.814819001029632e-14,0.5328125,-0.5328124999999219
38159,1.0279361512618116e-11,0.5328125,-0.5328124999897207
96075,-3.4368095666170766e-05,0.26640625,-0.26644061809566616
26674,-3.334310923321542e-05,0.26640625,-0.2664395931092332
25987,-3.5122364860259647e-13,0.26640625,-0.26640625000035123
26756,-5.586403925626225e-15,0.26640625,-0.2664062500000056
93420,-2.0064681890156853e-25,0.26640625,-0.26640625
96020,1.0007776275584797e-25,0.26640625,-0.26640625
111778,-4.6355634357945997e-29,0.26640625,-0.26640625
89347,-1.2860787175782952e-23,0.26640625,-0.26640625
70186,8.190062595454967e-28,0.26640625,-0.26640625
8785,6.867004771532465e-20,0.26640625,-0.26640625
8684,1.7073135496879352e-21,0.26640625,-0.26640625
108527,-5.0976140872156405e-23,0.26640625,-0.26640625
102217,-7.544745903048286e-19,0.26640625,-0.26640625
111130,7.635374242416357e-16,0.26640625,-0.26640624999999923
69136,1.220769278854411e-12,0.26640625,-0.26640624999877927
104636,0.0002098897128418783,0.26640625,-0.26619636028715815
100553,0.17624399964571555,0.26640625,-0.09016225035428446
670,12.310615949383097,7.9921875000000036,4.318428449383093
3030,36.8337701018427,32.50156249999994,4.332207601842761
26587,9.207619099580507,2.3976562500000003,6.809962849580506
94466,16.48219509965555,4.262500000000001,12.219695099655548
750,270.3578540256921,236.56874999999633,33.78910402569579
44555,251.20211520132315,68.99921875000032,182.20289645132283
7502,756.9045815904807,68.46640625000032,688.4381753404804
922,765.7329279132097,66.06875000000029,699.6641779132094
527,7308.637367984625,790.1609375000321,6518.476430484592
858,9395.29429866586,596.217187499999,8799.077111165861
