item,weight_vector,weight,difference
296,37.979593773681195,3067.9676768510885,-3029.9880830774073
356,0.3140922952090849,2975.3659127482965,-2975.0518204530877
318,90.43868814001063,3065.118391801772,-2974.6797036617613
593,13.354723091853838,2823.6414838721835,-2810.2867607803296
480,0.15602106502222501,2473.8917440685614,-2473.735723003539
110,7.633761368465683,2243.8119763362397,-2236.1782149677742
150,0.15186115333086322,2225.2916235156813,-2225.13976236235
260,32.14643765322622,2154.7718185450935,-2122.6253808918673
1,1.7882011925376124,2063.59469696696,-2061.8064957744223
527,63.286721940875445,2112.7448640676726,-2049.458142126797
589,0.3077131514537882,2026.55399132585,-2026.2462781743961
380,0.30343986613482277,1995.2118557833764,-1994.9084159172417
2571,10.853256506307378,1804.30975747922,-1793.4565009729126
50,50.055275035979804,1827.816359136075,-1777.7610841000953
1210,1.4411764222766605,1666.8317538497342,-1665.3905774274576
608,5.853344026684048,1599.8735551908137,-1594.0202111641297
2858,23.447539463197504,1602.0105189778005,-1578.562979514603
47,8.697326026553394,1527.2167864332616,-1518.5194604067083
858,136.1794074863696,1594.1749850921822,-1457.9955776058125
2959,26.80759264953689,1459.5462665120122,-1432.7386738624753
1196,20.37575555057938,1406.8344930996705,-1386.458737549091
1198,46.21188703220195,1364.8075386222629,-1318.595651590061
4993,75.72637207724232,1271.4934532571715,-1195.7670811799292
2028,13.135053299231696,1166.069906432488,-1152.9348531332564
1270,0.16794877895704194,1149.6865173989224,-1149.5185686199654
2762,3.899056988434805,1134.0154496276857,-1130.116392639251
5952,46.81137179164837,1171.0561552687907,-1124.2447834771424
1721,0.3081762620036532,979.4417357023053,-979.1335594403017
1197,0.48240156177407084,975.8801293906606,-975.3977278288866
7153,101.4341779741299,1061.3586808701336,-959.9245028960038
3578,1.1036417274398949,940.2640662742135,-939.1604245467736
4226,15.978620671612665,926.0176410276347,-910.039020356022
1193,47.735906231958324,937.4147812248978,-889.6788749929394
6,0.46550022456071516,869.0319400413193,-868.5664398167586
1136,7.172556327819691,871.8812250906351,-864.7086687628154
58559,9.922908313010437,862.6210486803589,-852.6981403673484
4973,2.991569878771971,836.265161974188,-833.273592095416
1240,0.4772431873023624,829.1419493508986,-828.6647061635962
541,11.060297916266123,838.4021257611748,-827.3418278449087
1221,122.26098899782168,922.45603471599,-800.1950457181683
1214,2.374826718715277,767.1699995282806,-764.7951728095653
1291,0.786225386233808,750.074289232386,-749.2880638461522
912,39.683223607621166,785.6903523488331,-746.007128741212
1036,0.8017422792692469,745.0880403960834,-744.2862981168142
111,15.775313971028273,760.0467869049912,-744.271472933963
2997,1.5911523097516092,744.3757191337545,-742.7845668240029
1617,8.81064478701059,750.786610494715,-741.9759657077044
2329,1.0860493284498887,707.3350134926495,-706.2489641641996
3996,6.379797957223224,708.7596560173074,-702.3798580600842
1213,18.77887712406563,718.7321536899126,-699.953276565847
293,0.3261555824582224,698.7871583447022,-698.461002762244
1704,0.31122962779238017,692.3762669837417,-692.0650373559494
1089,7.116581728711354,673.1435929008603,-666.027011172149
778,0.7888300818200324,666.7327015398998,-665.9438714580798
3114,0.7852555131987246,654.6232400803078,-653.8379845671091
104,0.15817959093978226,646.7877061946895,-646.6295266037497
7361,11.636542754007833,650.3493125063342,-638.7127697523264
924,6.239913995393431,641.0891360960579,-634.8492221006645
1200,6.054500795237305,626.8427108494791,-620.7882100542417
1208,20.281180646878713,597.6375390939925,-577.3563584471137
750,55.77835330259648,632.5412809481106,-576.7629276455142
1206,9.222927695034588,576.9802224864532,-567.7572947914185
6874,0.9611887686609558,542.788801894664,-541.827613126003
1225,2.931902206608614,538.5148743206903,-535.5829721140817
2324,0.46099631194812907,533.5286254843877,-533.0676291724395
79132,0.9404674871434342,524.2684490741115,-523.327981586968
1258,0.6299626703641166,521.4191640247957,-520.7892013544316
1610,0.15221034671324338,519.9945215001378,-519.8423111534246
919,2.1412131092709776,521.4191640247957,-519.2779509155247
16,0.15221034671324338,489.36470721999325,-489.21249687328003
2918,0.3233408935654847,479.39220954738806,-479.06886865382256
33794,0.156861774859441,467.995069350125,-467.8382075752655
1222,0.6323990182315179,465.85810556313817,-465.22570654490664
4878,1.1442539682214459,465.85810556313817,-464.7138515949167
1387,4.813462135211042,459.4472142021777,-454.6337520669666
7438,0.15366188628986424,444.4884676932699,-444.33480580698006
1230,2.8987264533511232,446.62543148025674,-443.7267050269056
904,13.286897318360394,451.61168031655933,-438.32478299819894
908,2.734038312474565,440.9268613816252,-438.1928230691506
6016,22.706041797878534,452.32400157888827,-429.61795978100974
1219,8.35247452085525,435.22829128299367,-426.8758167621384
1148,8.242127427060092,434.5159700206647,-426.2738425936046
1304,0.3144694656024974,425.9681148727174,-425.65364540711494
4034,0.4684632980850538,420.98186603641483,-420.5134027383298
923,64.29969219809433,482.24149459670383,-417.9418023986095
4011,0.32230432877849935,406.735440789836,-406.4131364610575
48516,0.46734624409414915,403.1738344781913,-402.70648823409715
1247,1.404230567670091,403.1738344781913,-401.7696039105212
1233,5.148941342426046,406.735440789836,-401.58649944740995
246,2.229731014619226,382.51651787065197,-380.28678685603273
5618,3.6594122882494147,381.0918753459941,-377.43246305774466
1252,26.188236312969128,401.03687069120446,-374.8486343782353
1207,12.428060854592973,381.804196608323,-369.37613575373007
1234,0.47499414079516056,369.694735148731,-369.21974100793585
1288,1.1488078543961613,369.694735148731,-368.54592729433483
1203,3.2763120843852387,369.694735148731,-366.4184230643458
903,6.578525821223606,371.83169893571784,-365.25317311449425
3949,0.4658884101935646,358.29759495146794,-357.8317065412744
1673,0.15909880786929415,356.87295242681006,-356.7138536189408
913,15.962882531503169,366.84545009941525,-350.8825675679121
1204,24.944393533086178,375.39330524736255,-350.4489117142764
745,10.786683595591523,357.585273689139,-346.7985900935475
953,4.228296191602027,346.18813349187593,-341.9598373002739
2194,0.1631512196835108,339.77724213091545,-339.6140909112319
1250,3.6890329758096505,342.6265271802312,-338.93749420442157
2395,0.6260499431614753,333.366350769955,-332.7403008267935
32587,1.7390863888533274,333.366350769955,-331.62726438110167
2804,0.16260831227163416,331.22938698296815,-331.0667786706965
1278,0.1505149978319906,329.0924231959813,-328.94190819814935
1035,0.3216590376184318,324.10617435967873,-323.7845153220603
3471,0.30169320875376704,320.544568048034,-320.24287483928026
1242,0.9488487757342671,314.13367668707355,-313.18482791133926
6711,0.7696881150025421,313.4213554247446,-312.65166730974204
5060,0.16544255391905832,312.70903416241566,-312.5435916084966
1028,0.15643778834207153,310.57207037542884,-310.41563258708675
1090,0.4612824682859278,307.72278532611307,-307.26150285782717
910,0.6227565162072826,306.2981428014552,-305.6753862852479
1276,0.31042377413826217,302.7365364898105,-302.4261127156722
1199,1.94706404856204,295.61332386652106,-293.66625981795903
3160,0.30380548648466865,292.05171755487635,-291.74791206839166
899,2.384344809125853,293.47636007953423,-291.09201527040835
1266,2.0755470892465935,291.3393962925474,-289.2638492033008
914,0.356156303079089,279.94225609528434,-279.58609979220523
969,0.15773243839286438,276.3806497836396,-276.22291734524674
720,7.3788983438180855,278.51761357062645,-271.13871522680836
1997,1.2790069745903951,265.6958308487055,-264.4168238741151
8665,0.15602106502222501,262.1342245370608,-261.97820347203856
3421,1.1151620288521769,260.7095820124029,-259.5944199835507
1172,0.15817959093978226,258.5726182254161,-258.4144386344763
1201,33.53888389310025,287.06546871857375,-253.5265848254735
1263,2.862756976099887,252.16172686445546,-249.29896988835557
306,0.1515171524096389,242.90155045417885,-242.7500333017692
1262,9.828913577186851,248.6001205528106,-238.77120697562376
3000,0.15084420062289414,237.91530161787605,-237.76445741725317
4979,0.8135158586750642,233.64137404390223,-232.82785818522717
55820,0.9358459000472198,224.38119763362562,-223.4453517335784
3671,0.17219543379409813,210.1347723870462,-209.96257695325212
1287,0.15084420062289414,208.71012986238827,-208.5592856617654
1244,1.9112434078371103,207.9978086000593,-206.0865651922222
1907,0.15117821092177644,201.58691723909857,-201.43573902817678
1235,0.15957141566993818,197.31298966512475,-197.1534182494548
1267,0.15256487060115928,194.46370461580887,-194.3111397452077
2019,90.22038871914776,282.07921988227116,-191.8588311631234
898,0.16544255391905832,190.18977704183504,-190.02433448791598
3275,0.15366188628986424,187.34049199251916,-187.1868301062293
1228,21.45219289907863,205.8608448130724,-184.40865191399376
2289,0.15957141566993818,183.7788856808743,-183.61931426520437
5010,0.6143300395109896,182.35424315621637,-181.73991311670537
6942,0.46401625452483775,181.6419218938874,-181.17790563936256
162,0.9907390567434842,179.5049581069005,-178.514219050157
1104,0.33534145381471925,178.08031558224255,-177.74497412842783
1912,0.15221034671324338,174.5187092705977,-174.36649892388445
2366,0.15403922195426356,170.95710295895285,-170.80306373699858
5902,0.3268064322208727,169.5324604342949,-169.20565400207403
30707,0.15221034671324338,167.395496647308,-167.24328630059475
2944,0.16370565544521565,167.395496647308,-167.23179099186277
4848,0.15221034671324338,151.01210761374168,-150.85989726702843
1284,3.1497353187968966,149.58746508908374,-146.43772977028684
3424,0.3093115536749031,144.60121625278094,-144.29190469910603
1884,0.15084420062289414,142.46425246579403,-142.31340826517115
922,35.209659522582214,176.6556730575846,-141.4460135350024
954,0.15602106502222501,137.47800362949124,-137.321982564469
27773,0.156861774859441,132.49175479318845,-132.334893018329
7502,55.42586742210857,183.06656441854534,-127.64069699643677
1212,15.245752283876431,141.0396099411361,-125.79385765725966
1256,0.15561139140249397,125.36854216989876,-125.21293077849627
1982,0.3277114384231111,123.23157838291185,-122.90386694448874
1245,0.3174058602934624,113.97140197263523,-113.65399611234177
2186,1.7273629471524603,114.6837232349642,-112.95636028781175
1945,0.6199976976843807,109.69747439866141,-109.07747670097703
909,1.2594117407241086,109.69747439866141,-108.43806265793731
2010,0.6200467186082188,106.84818934934553,-106.22814263073731
930,0.3085362597053261,103.99890430002965,-103.69036804032433
3083,0.31549673377503706,103.99890430002965,-103.68340756625462
1283,0.15520856277015513,101.86194051304274,-101.70673195027258
3504,1.7687273008748683,100.4372979883848,-98.66857068750993
3435,24.42236451988033,115.39604449729318,-90.97367997741284
1254,15.331772125963427,104.71122556235862,-89.3794534363952
926,10.429949880090343,99.01265546372686,-88.58270558363651
1248,5.322375726294174,92.60176410276613,-87.27938837647196
955,0.307615999263848,85.47855147947642,-85.17093548021258
940,0.15084420062289414,84.05390895481848,-83.90306475419558
6787,0.1515171524096389,83.34158769248951,-83.19007054007987
1260,3.3530534235470086,85.47855147947642,-82.12549805592941
1237,3.3143237806639134,84.05390895481848,-80.73958517415457
1217,1.6011734430724265,77.64301759385775,-76.04184415078532
1131,0.30770597548233514,76.21837506919981,-75.91066909371747
1211,0.15084420062289414,74.79373254454187,-74.64288834391897
3462,3.609190801872383,77.64301759385775,-74.03382679198536
905,0.31681310597337503,73.36909001988393,-73.05227691391055
5673,0.33659398640895555,73.36909001988393,-73.03249603347497
3030,14.1036105278902,86.90319400413436,-72.79958347624417
3095,0.3030545473361375,72.65676875755496,-72.35371421021883
64839,0.6073449846044506,71.94444749522599,-71.33710251062153
3089,1.5656422557623684,71.94444749522599,-70.37880523946362
3468,2.8158787870019335,72.65676875755496,-69.84088997055302
951,5.895583964136828,74.79373254454187,-68.89814858040504
1281,0.3090237915626764,67.67051992125216,-67.36149612968948
1719,0.1548123827357682,64.82123487193628,-64.66642248920051
3730,2.237803378386384,66.24587739659422,-64.00807401820784
2973,0.6353771086949833,59.8349860356335,-59.19960892693852
8638,0.15256487060115928,58.41034351097556,-58.2577786403744
1227,0.1515171524096389,56.98570098631762,-56.83418383390798
1178,18.33417391652249,74.79373254454187,-56.45955862801938
1251,5.646841096793438,61.97194982262041,-56.32510872582697
1209,29.40683512389785,81.2046239055026,-51.79778878160475
5291,25.44030887444503,76.93069633152878,-51.49038745708375
2731,13.07943917964643,63.39659234727835,-50.31715316763192
1218,0.3390173366610149,49.150167100698944,-48.81114976403793
599,0.6588823860723483,44.87623952672512,-44.21735714065277
3265,0.15221034671324338,43.45159700206718,-43.299386655353935
6993,0.15256487060115928,37.04070564110645,-36.88814077050529
1361,0.15117821092177644,36.32838437877748,-36.1772061678557
3022,3.097576060046565,39.17766942809336,-36.080093368046796
77658,6.356361177464423,39.88999069042233,-33.53362951295791
3741,3.343998884195162,36.32838437877748,-32.98438549458232
3629,0.34148924139287956,31.34213554247469,-31.00064630108181
1232,0.7687625548803096,30.62981428014572,-29.86105172526541
4914,0.4716043272997674,29.20517175548778,-28.73356742818801
2732,0.15561139140249397,28.49285049315881,-28.337239101756314
3307,33.34441505072907,61.25962856029144,-27.91521350956237
3742,0.6737584764701722,26.355886706171898,-25.682128229701725
3091,0.1505149978319906,24.218922919184987,-24.068407921352996
2351,0.3101522635121191,24.218922919184987,-23.908770655672868
3365,2.542794521540105,24.218922919184987,-21.67612839764488
7063,0.4644581535726584,22.081959132198076,-21.61750097862542
7327,1.2501986593440884,22.794280394527046,-21.544081735182957
670,0.3045060869127584,21.369637869869106,-21.065131782956346
2920,0.7887987792419681,20.657316607540135,-19.868517828298167
8154,0.7745085856184601,19.944995345211165,-19.170486759592706
3470,0.15221034671324338,17.808031558224254,-17.65582121151101
7766,0.1505149978319906,17.095710295895284,-16.945195298063293
5147,5.494727231021421,22.081959132198076,-16.587231901176654
26131,9.240598908044852,24.931244181513957,-15.690645273469105
6669,6.3623614667160675,21.369637869869106,-15.007276403153039
2905,0.7635147904467992,15.671067771237345,-14.907552980790546
4380,0.1505149978319906,14.958746508908375,-14.808231511076384
7064,0.4582281492857788,14.958746508908375,-14.500518359622596
3134,9.82489014547807,24.218922919184987,-14.394032773706916
26150,0.30372230666172645,12.821782721921464,-12.518060415259738
6985,3.329544363789874,14.958746508908375,-11.629202145118501
6783,0.6342853580268875,9.260176410276612,-8.625891052249724
8620,0.15084420062289414,5.698570098631762,-5.547725898008867
6643,1.3986058098956378,6.410891360960732,-5.012285551065094
8125,1.9568739960953099,6.410891360960732,-4.454017364865422
871,0.15520856277015513,3.5616063116448506,-3.4063977488746957
52462,0.23137821315975915,3.5616063116448506,-3.3302280984850916
69685,0.23540891336663824,3.5616063116448506,-3.3261973982782123
790,0.6531823665772414,3.5616063116448506,-2.908423945067609
42351,0.15366188628986424,2.8492850493158803,-2.695623163026016
57845,0.17458343004804494,2.8492850493158803,-2.6747016192678355
1420,0.17905223175104137,2.8492850493158803,-2.670232817564839
843,0.4695225820075563,2.8492850493158803,-2.379762467308324
812,0.15403922195426356,2.13696378698691,-1.9829245650326466
658,0.16544255391905832,2.13696378698691,-1.9715212330678518
4856,0.17070727966372012,2.13696378698691,-1.96625650732319
73874,0.2037950470905062,2.13696378698691,-1.933168739896404
26736,0.21274605355336318,2.13696378698691,-1.9242177334335469
26699,0.3100602869764886,2.13696378698691,-1.8269035000104215
2234,0.33144520490748597,2.13696378698691,-1.805518582079424
32464,0.3333333333333333,2.13696378698691,-1.8036304536535768
895,0.36148812877892894,2.13696378698691,-1.7754756582079811
69992,0.3630907198927209,2.13696378698691,-1.7738730670941891
690,0.3841876541272766,2.13696378698691,-1.7527761328596334
5181,0.4350890111494801,2.13696378698691,-1.70187477583743
2588,0.46690112627687985,2.13696378698691,-1.6700626607100302
777,0.5237160730412086,2.13696378698691,-1.6132477139457015
110445,0.536981802371856,2.13696378698691,-1.599981984615054
8197,0.6264254051674819,2.13696378698691,-1.510538381819428
33270,0.7076478443145933,2.13696378698691,-1.4293159426723168
70121,0.15186115333086322,1.4246425246579402,-1.272781371327077
50909,0.15221034671324338,1.4246425246579402,-1.2724321779446968
5104,0.15292486830283214,1.4246425246579402,-1.271717656355108
73276,0.15442266280111014,1.4246425246579402,-1.2702198618568301
79430,0.1548123827357682,1.4246425246579402,-1.269830141922172
67138,0.1548123827357682,1.4246425246579402,-1.269830141922172
3609,0.15643778834207153,1.4246425246579402,-1.2682047363158686
92152,0.156861774859441,1.4246425246579402,-1.2677807497984992
27357,0.15773243839286438,1.4246425246579402,-1.2669100862650757
57393,0.15909880786929415,1.4246425246579402,-1.265543716788646
2703,0.15957141566993818,1.4246425246579402,-1.265071108988002
99633,0.15957141566993818,1.4246425246579402,-1.265071108988002
30867,0.16005307325482135,1.4246425246579402,-1.2645894514031188
45412,0.16207652439312228,1.4246425246579402,-1.2625660002648178
41136,0.16370565544521565,1.4246425246579402,-1.2609368692127245
7220,0.16544255391905832,1.4246425246579402,-1.259199970738882
74787,0.16730017881017412,1.4246425246579402,-1.257342345847766
63828,0.16730017881017412,1.4246425246579402,-1.257342345847766
89321,0.16730017881017412,1.4246425246579402,-1.257342345847766
4609,0.16794877895704194,1.4246425246579402,-1.2566937457008982
108983,0.17542506358195453,1.4246425246579402,-1.2492174610759856
5551,0.18428883314870617,1.4246425246579402,-1.240353691509234
7112,0.19342640361727081,1.4246425246579402,-1.2312161210406694
5196,0.2,1.4246425246579402,-1.2246425246579402
67534,0.20584683246043448,1.4246425246579402,-1.2187956921975056
5235,0.227670248696953,1.4246425246579402,-1.196972275960987
7196,0.23137821315975915,1.4246425246579402,-1.1932643114981811
4657,0.3010299956639812,1.4246425246579402,-1.123612528993959
114762,0.30753821743186394,1.4246425246579402,-1.1171043072260762
26483,0.311059083266012,1.4246425246579402,-1.113583441391928
27646,0.31122962779238017,1.4246425246579402,-1.1134128968655599
101070,0.31164635111222666,1.4246425246579402,-1.1129961735457135
71591,0.3125448211286326,1.4246425246579402,-1.1120977035293076
3294,0.31424635031809,1.4246425246579402,-1.1103961743398503
25975,0.3164331905293792,1.4246425246579402,-1.108209334128561
26073,0.3166207648408348,1.4246425246579402,-1.1080217598171054
31347,0.31990155962118105,1.4246425246579402,-1.104740965036759
873,0.31990155962118105,1.4246425246579402,-1.104740965036759
773,0.32206871123816283,1.4246425246579402,-1.1025738134197773
1106,0.32721075210068806,1.4246425246579402,-1.0974317725572522
1315,0.3288652232687196,1.4246425246579402,-1.0957773013892207
87004,0.3333333333333333,1.4246425246579402,-1.091309191324607
5889,0.34524920865923825,1.4246425246579402,-1.079393315998702
27544,0.35269146028665066,1.4246425246579402,-1.0719510643712895
8964,0.3562071871080222,1.4246425246579402,-1.068435337549918
27627,0.3604177541103834,1.4246425246579402,-1.0642247705475567
26003,1.0853661221695208,2.13696378698691,-1.0515976648173893
826,0.38489906421147585,1.4246425246579402,-1.0397434604464644
73713,0.40297361957029576,1.4246425246579402,-1.0216689050876444
93242,0.43338937411083056,1.4246425246579402,-0.9912531505471096
107052,0.46223090798264765,1.4246425246579402,-0.9624116166752925
93803,0.4643200066951598,1.4246425246579402,-0.9603225179627803
34238,0.46614485203957867,1.4246425246579402,-0.9584976726183615
80729,0.4675995640138497,1.4246425246579402,-0.9570429606440904
4818,0.47351983468646897,1.4246425246579402,-0.9511226899714712
115667,0.4758057214589979,1.4246425246579402,-0.9488368031989423
50354,0.4870448142085019,1.4246425246579402,-0.9375977104494383
4449,0.514805013626807,1.4246425246579402,-0.9098375110311332
80281,0.6309297535714575,1.4246425246579402,-0.7937127710864826
48229,0.6346268245176695,1.4246425246579402,-0.7900157001402707
81751,1.3709670466998414,2.13696378698691,-0.7659967402870687
47152,0.6602214552472265,1.4246425246579402,-0.7644210694107136
857,0.6784631138862781,1.4246425246579402,-0.746179410771662
78653,1.472170665482646,2.13696378698691,-0.664793121504264
1577,1.5185248630386188,2.13696378698691,-0.6184389239482913
54284,0.8203518745576253,1.4246425246579402,-0.6042906501003149
1139,2.277383521418432,2.8492850493158803,-0.5719015278974484
27362,0.1505149978319906,0.7123212623289701,-0.5618062644969795
796,0.15084420062289414,0.7123212623289701,-0.5614770617060759
3642,0.15084420062289414,0.7123212623289701,-0.5614770617060759
39818,0.15084420062289414,0.7123212623289701,-0.5614770617060759
25874,0.15117821092177644,0.7123212623289701,-0.5611430514071937
4536,0.15117821092177644,0.7123212623289701,-0.5611430514071937
2603,0.1515171524096389,0.7123212623289701,-0.5608041099193312
8398,0.1515171524096389,0.7123212623289701,-0.5608041099193312
92719,0.1515171524096389,0.7123212623289701,-0.5608041099193312
3346,0.1515171524096389,0.7123212623289701,-0.5608041099193312
6757,0.1515171524096389,0.7123212623289701,-0.5608041099193312
74480,0.15186115333086322,0.7123212623289701,-0.5604601089981068
82739,0.15186115333086322,0.7123212623289701,-0.5604601089981068
47538,0.15186115333086322,0.7123212623289701,-0.5604601089981068
47221,0.15186115333086322,0.7123212623289701,-0.5604601089981068
6555,0.15186115333086322,0.7123212623289701,-0.5604601089981068
821,0.15221034671324338,0.7123212623289701,-0.5601109156157267
93420,0.15221034671324338,0.7123212623289701,-0.5601109156157267
2981,0.15256487060115928,0.7123212623289701,-0.5597563917278108
56511,0.15256487060115928,0.7123212623289701,-0.5597563917278108
46331,0.15256487060115928,0.7123212623289701,-0.5597563917278108
92665,0.15292486830283214,0.7123212623289701,-0.5593963940261379
114554,0.15329048865267808,0.7123212623289701,-0.5590307736762921
109376,0.15329048865267808,0.7123212623289701,-0.5590307736762921
32653,0.15366188628986424,0.7123212623289701,-0.5586593760391059
72104,0.15366188628986424,0.7123212623289701,-0.5586593760391059
8453,0.15366188628986424,0.7123212623289701,-0.5586593760391059
30991,0.15442266280111014,0.7123212623289701,-0.5578985995278599
26749,0.15442266280111014,0.7123212623289701,-0.5578985995278599
5767,0.1548123827357682,0.7123212623289701,-0.557508879593202
8733,0.1548123827357682,0.7123212623289701,-0.557508879593202
101962,0.15520856277015513,0.7123212623289701,-0.5571126995588149
108899,0.15561139140249397,0.7123212623289701,-0.5567098709264762
101186,0.15602106502222501,0.7123212623289701,-0.5563001973067451
31148,0.15643778834207153,0.7123212623289701,-0.5558834739868985
5150,0.156861774859441,0.7123212623289701,-0.5554594874695291
1143,0.156861774859441,0.7123212623289701,-0.5554594874695291
6388,0.156861774859441,0.7123212623289701,-0.5554594874695291
7583,0.156861774859441,0.7123212623289701,-0.5554594874695291
30981,0.15773243839286438,0.7123212623289701,-0.5545888239361056
40752,0.15773243839286438,0.7123212623289701,-0.5545888239361056
96075,0.15773243839286438,0.7123212623289701,-0.5545888239361056
8845,0.15773243839286438,0.7123212623289701,-0.5545888239361056
7490,0.15817959093978226,0.7123212623289701,-0.5541416713891878
4592,0.15863495891559604,0.7123212623289701,-0.5536863034133741
72612,0.15909880786929415,0.7123212623289701,-0.553222454459676
50898,0.15909880786929415,0.7123212623289701,-0.553222454459676
65300,0.15957141566993818,0.7123212623289701,-0.5527498466590319
32562,0.15957141566993818,0.7123212623289701,-0.5527498466590319
127,0.16005307325482135,0.7123212623289701,-0.5522681890741488
109742,0.16005307325482135,0.7123212623289701,-0.5522681890741488
60201,0.1605440854340214,0.7123212623289701,-0.5517771768949487
71688,0.16104477175644444,0.7123212623289701,-0.5512764905725256
8867,0.16155546744299637,0.7123212623289701,-0.5507657948859737
102084,0.16155546744299637,0.7123212623289701,-0.5507657948859737
32593,0.16207652439312228,0.7123212623289701,-0.5502447379358478
7769,0.16260831227163416,0.7123212623289701,-0.5497129500573359
66506,0.16370565544521565,0.7123212623289701,-0.5486156068837544
92498,0.16427204996205025,0.7123212623289701,-0.5480492123669198
81456,0.16427204996205025,0.7123212623289701,-0.5480492123669198
8257,0.16427204996205025,0.7123212623289701,-0.5480492123669198
4594,0.16485085672216038,0.7123212623289701,-0.5474704056068097
58287,0.16544255391905832,0.7123212623289701,-0.5468787084099118
8685,0.16544255391905832,0.7123212623289701,-0.5468787084099118
8613,0.16666666666666666,0.7123212623289701,-0.5456545956623035
5687,0.16730017881017412,0.7123212623289701,-0.545021083518796
7899,0.17219543379409813,0.7123212623289701,-0.540125828534872
68069,0.1729696904450771,0.7123212623289701,-0.539351571883893
102066,0.1729696904450771,0.7123212623289701,-0.539351571883893
1877,0.17542506358195453,0.7123212623289701,-0.5368961987470156
6307,0.17542506358195453,0.7123212623289701,-0.5368961987470156
7574,0.1810425967800402,0.7123212623289701,-0.5312786655489299
92475,0.1810425967800402,0.7123212623289701,-0.5312786655489299
26691,0.18428883314870617,0.7123212623289701,-0.5280324291802639
7403,0.1854490234153689,0.7123212623289701,-0.5268722389136011
82240,0.1905514124267734,0.7123212623289701,-0.5217698499021967
7214,0.1965616322328226,0.7123212623289701,-0.5157596300961474
111529,0.20184908658209985,0.7123212623289701,-0.5104721757468702
27571,0.24465054211822604,0.7123212623289701,-0.4676707202107441
83798,0.26264953503719357,0.7123212623289701,-0.4496717272917765
33410,1.0,1.4246425246579402,-0.42464252465794017
115147,0.3020224115446706,0.7123212623289701,-0.4102988507842995
109781,0.30270535395375736,0.7123212623289701,-0.4096159083752127
47904,0.3040715000441066,0.7123212623289701,-0.4082497622848635
71993,0.3048400972116407,0.7123212623289701,-0.4074811651173294
8421,0.3056565833586623,0.7123212623289701,-0.4066646789703078
62594,0.30753821743186394,0.7123212623289701,-0.40478304489710615
109372,0.3083789272690799,0.7123212623289701,-0.4039423350598902
53788,0.30994300849218825,0.7123212623289701,-0.40237825383678183
90254,0.31052366114930524,0.7123212623289701,-0.40179760117966484
41336,0.31575264820417653,0.7123212623289701,-0.39656861412479355
41736,0.31698187377609294,0.7123212623289701,-0.39533938855287715
26616,0.3170309750727443,0.7123212623289701,-0.3952902872562258
7563,0.328655958487572,0.7123212623289701,-0.3836653038413981
60551,1.0427985907984705,1.4246425246579402,-0.3818439338594697
7882,0.3333333333333333,0.7123212623289701,-0.37898792899563677
7878,0.3427422707649158,0.7123212623289701,-0.36957899156405427
5919,0.343713336347655,0.7123212623289701,-0.3686079259813151
113278,0.3459912742184301,0.7123212623289701,-0.36632998811053996
102058,0.3515171524096389,0.7123212623289701,-0.3608041099193312
6637,0.35315972469840756,0.7123212623289701,-0.3591615376305625
55360,0.3532904886526781,0.7123212623289701,-0.359030773676292
105246,0.35474283101415033,0.7123212623289701,-0.35757843131481976
58881,0.362221482664675,0.7123212623289701,-0.35009977966429506
6000,0.3781573652403529,0.7123212623289701,-0.33416389708861716
3377,0.38018913575885693,0.7123212623289701,-0.33213212657011315
5518,0.38255642408153556,0.7123212623289701,-0.3297648382474345
4528,0.38284727884154757,0.7123212623289701,-0.3294739834874225
73469,0.3842968974723968,0.7123212623289701,-0.32802436485657327
73499,0.4035736469538573,0.7123212623289701,-0.3087476153751128
49359,0.42106472945750373,0.7123212623289701,-0.29125653287146636
33264,1.1360050099256338,1.4246425246579402,-0.28863751473230637
40697,0.4630771318149512,0.7123212623289701,-0.2492441305140189
126426,0.46322217729685583,0.7123212623289701,-0.24909908503211425
1424,0.4700924291371472,0.7123212623289701,-0.24222883319182287
92437,0.47040486342793136,0.7123212623289701,-0.24191639890103872
33933,0.47251387632841446,0.7123212623289701,-0.23980738600055562
61136,0.4913987558932582,0.7123212623289701,-0.22092250643571187
27862,0.49323531653594427,0.7123212623289701,-0.21908594579302582
878,0.4968009810942804,0.7123212623289701,-0.2155202812346897
5828,0.5000998144893765,0.7123212623289701,-0.21222144783959362
2591,0.5004476829236042,0.7123212623289701,-0.21187357940536589
1930,0.5059478577982066,0.7123212623289701,-0.20637340453076347
45508,1.2303326953504563,1.4246425246579402,-0.19430982930748386
1314,0.5293804774640034,0.7123212623289701,-0.18294078486496668
103659,0.5349009704609453,0.7123212623289701,-0.17742029186802477
8788,0.578000527013267,0.7123212623289701,-0.1343207353157031
3651,0.591639742887071,0.7123212623289701,-0.12068151944189909
34314,0.6003693158288061,0.7123212623289701,-0.11195194650016393
34659,0.609092127645689,0.7123212623289701,-0.1032291346832811
6604,0.6165420055273169,0.7123212623289701,-0.09577925680165322
58898,1.3339954344786535,1.4246425246579402,-0.09064709017928663
5860,0.6378861827016132,0.7123212623289701,-0.07443507962735685
74621,0.6527598250567769,0.7123212623289701,-0.05956143727219321
6704,0.6533926601482686,0.7123212623289701,-0.058928602180701506
49815,0.6730795906917881,0.7123212623289701,-0.03924167163718195
5173,0.6900487125485675,0.7123212623289701,-0.022272549780402606
25742,0.6988720026544535,0.7123212623289701,-0.0134492596745166
400,0.7127548341037576,0.7123212623289701,0.0004335717747875334
5280,0.7191231778613356,0.7123212623289701,0.006801915532365532
142,0.7203147422985872,0.7123212623289701,0.007993479969617079
5520,0.7451895826570655,0.7123212623289701,0.03286832032809539
116529,0.7559308982006612,0.7123212623289701,0.04360963587169109
26070,0.7744648296589689,0.7123212623289701,0.06214356732999882
61206,0.7818905558147227,0.7123212623289701,0.06956929348575258
60524,0.7855493793347319,0.7123212623289701,0.07322811700576182
75351,1.513628948002129,1.4246425246579402,0.08898642334418883
4461,0.8072211879603397,0.7123212623289701,0.09489992563136962
69136,0.8076998586997779,0.7123212623289701,0.09537859637080781
4379,0.8161338916406565,0.7123212623289701,0.10381262931168644
91844,0.8183269487538196,0.7123212623289701,0.10600568642484953
25751,0.8269126774976641,0.7123212623289701,0.11459141516869398
71991,0.8343135380155309,0.7123212623289701,0.12199227568656079
26341,0.836814547137524,0.7123212623289701,0.12449328480855393
768,1.5641327665917373,1.4246425246579402,0.1394902419337971
81276,0.8521247063748105,0.7123212623289701,0.13980344404584044
112006,2.278613034826369,2.13696378698691,0.14164924783945887
33134,0.8777949883345398,0.7123212623289701,0.16547372600556975
105195,0.919354472245721,0.7123212623289701,0.2070332099167509
7483,0.9303881249916436,0.7123212623289701,0.2180668626626735
89945,0.9469234077523241,0.7123212623289701,0.234602145423354
102217,0.9615614170237593,0.7123212623289701,0.24924015469478922
65927,0.9654912426174979,0.7123212623289701,0.2531699802885278
82928,0.9734087748359466,0.7123212623289701,0.2610875125069765
8203,0.9811079561964345,0.7123212623289701,0.26878669386746445
1140,0.985562680071547,0.7123212623289701,0.27324141774257693
69495,1.7253957460556433,1.4246425246579402,0.3007532213977031
6511,1.035936123705221,0.7123212623289701,0.32361486137625084
47084,1.0551846937246698,0.7123212623289701,0.34286343139569975
66337,1.062987965887899,0.7123212623289701,0.3506667035589288
92210,1.0837133190823,0.7123212623289701,0.37139205675333
27220,1.0869920332973315,0.7123212623289701,0.37467077096836143
64321,1.0875626670848768,0.7123212623289701,0.3752414047559067
2319,1.0933326607473786,0.7123212623289701,0.3810113984184085
6402,1.1206469168944448,0.7123212623289701,0.40832565456547476
45172,1.171474446755293,0.7123212623289701,0.459153184426323
3887,1.9063120587124431,1.4246425246579402,0.48166953405450297
80648,1.927899707192329,1.4246425246579402,0.5032571825343888
1115,2.646178459473163,2.13696378698691,0.509214672486253
120474,1.234634897547398,0.7123212623289701,0.5223136352184279
6026,1.2803731716143205,0.7123212623289701,0.5680519092853504
108709,1.2821712037792645,0.7123212623289701,0.5698499414502944
98795,1.2832147359829629,0.7123212623289701,0.5708934736539928
89939,1.283752665352659,0.7123212623289701,0.5714314030236889
6151,1.293050604440511,0.7123212623289701,0.5807293421115409
26674,1.29323599759473,0.7123212623289701,0.58091473526576
36545,1.2933294481276345,0.7123212623289701,0.5810081857986644
44295,1.3014550841730088,0.7123212623289701,0.5891338218440387
975,1.3469653401275912,0.7123212623289701,0.6346440777986211
40591,1.3483102229273622,0.7123212623289701,0.6359889605983922
34666,1.3608444834754647,0.7123212623289701,0.6485232211464946
79519,1.3637502872756824,0.7123212623289701,0.6514290249467123
27762,1.381443554484895,0.7123212623289701,0.669122292155925
27909,1.3869212395077222,0.7123212623289701,0.6745999771787521
68513,1.412515455457914,0.7123212623289701,0.7001941931289439
45192,1.4336167034046352,0.7123212623289701,0.7212954410756651
5178,1.4562799101520134,0.7123212623289701,0.7439586478230433
48045,2.8867416361814207,2.13696378698691,0.7497778491945106
94503,1.4805229515843028,0.7123212623289701,0.7682016892553327
693,1.4828938670915637,0.7123212623289701,0.7705726047625936
87413,1.4849489157693492,0.7123212623289701,0.7726276534403791
26644,1.5447544772149064,0.7123212623289701,0.8324332148859364
46409,1.5833777031563365,0.7123212623289701,0.8710564408273664
26950,1.583968249429669,0.7123212623289701,0.8716469871006989
53154,1.6139240164043582,0.7123212623289701,0.9016027540753881
65181,1.6204708594935517,0.7123212623289701,0.9081495971645817
40226,2.337912380477275,1.4246425246579402,0.9132698558193346
27841,1.6966185150491189,0.7123212623289701,0.9842972527201488
56098,1.7185950864964723,0.7123212623289701,1.0062738241675022
5579,1.7366502520465152,0.7123212623289701,1.0243289897175452
58870,1.7481535815046758,0.7123212623289701,1.0358323191757057
77353,1.7628659620564289,0.7123212623289701,1.0505446997274588
69243,1.8005380215206732,0.7123212623289701,1.0882167591917031
79578,1.823562091866879,0.7123212623289701,1.1112408295379088
5793,1.8690486755194202,0.7123212623289701,1.1567274131904501
90945,1.9127931764261399,0.7123212623289701,1.2004719140971698
83180,1.9198865012298116,0.7123212623289701,1.2075652389008416
82976,1.9473542641150752,0.7123212623289701,1.235033001786105
110461,2.6750513015939235,1.4246425246579402,1.2504087769359833
5562,2.0386222306324204,0.7123212623289701,1.3263009683034503
6956,2.0530331166197913,0.7123212623289701,1.3407118542908212
31672,2.141121207160068,0.7123212623289701,1.4287999448310977
60411,2.166176339512842,0.7123212623289701,1.4538550771838719
71664,2.2371147304480687,0.7123212623289701,1.5247934681190987
58309,3.027259197519154,1.4246425246579402,1.6026166728612137
1165,3.027754443688115,1.4246425246579402,1.6031119190301748
86668,2.3159888605360925,0.7123212623289701,1.6036675982071225
7390,2.331836614262062,0.7123212623289701,1.619515351933092
107196,2.3500272261587054,0.7123212623289701,1.6377059638297353
118930,3.066309344476098,1.4246425246579402,1.6416668198181577
76158,2.4118134022249995,0.7123212623289701,1.6994921398960294
9007,2.4570527670782685,0.7123212623289701,1.7447315047492984
80337,2.4642340429110767,0.7123212623289701,1.7519127805821066
5190,2.49049683979697,0.7123212623289701,1.778175577468
26164,2.501261302978613,0.7123212623289701,1.7889400406496427
8068,2.548488640702591,0.7123212623289701,1.8361673783736208
76111,2.581656391785004,0.7123212623289701,1.869335129456034
2538,3.3116822218745505,1.4246425246579402,1.8870396972166104
97648,2.615515267516,0.7123212623289701,1.9031940051870297
31086,2.6607792980142237,0.7123212623289701,1.9484580356852537
6866,3.4039018140355615,1.4246425246579402,1.9792592893776213
1319,3.4145360771109505,1.4246425246579402,1.9898935524530104
56700,2.9072098314760177,0.7123212623289701,2.1948885691470474
55684,2.977548964596095,0.7123212623289701,2.2652277022671248
47774,3.7187418057208985,1.4246425246579402,2.2940992810629584
4101,3.043881725412831,0.7123212623289701,2.3315604630838607
2684,3.2676622073781227,0.7123212623289701,2.555340945049153
96020,3.2708078351866887,0.7123212623289701,2.558486572857719
55856,3.298810535870245,0.7123212623289701,2.5864892735412752
56095,4.020283318865551,1.4246425246579402,2.5956407942076107
60309,3.363420860330594,0.7123212623289701,2.6510995980016236
8403,4.907105355497234,2.13696378698691,2.770141568510324
33310,3.5345364942450486,0.7123212623289701,2.8222152319160783
52891,3.544345806886235,0.7123212623289701,2.8320245445572647
97665,4.7009353488433785,1.4246425246579402,3.2762928241854383
61253,3.9997137854725917,0.7123212623289701,3.2873925231436214
87360,4.068795478136681,0.7123212623289701,3.3564742158077108
71418,4.802943913201389,1.4246425246579402,3.378301388543449
8825,4.809718946786772,1.4246425246579402,3.3850764221288316
92954,4.816846650682581,1.4246425246579402,3.3922041260246405
70659,4.123384873643846,0.7123212623289701,3.4110636113148756
69803,4.123664584111856,0.7123212623289701,3.411343321782886
4309,4.293649719428445,0.7123212623289701,3.581328457099475
103639,5.165687806924865,1.4246425246579402,3.7410452822669247
1787,4.455857808139064,0.7123212623289701,3.7435365458100938
86574,4.462069561316544,0.7123212623289701,3.7497482989875737
103085,4.476961649404722,0.7123212623289701,3.764640387075752
5671,4.673145133748473,0.7123212623289701,3.9608238714195023
99764,5.507061820855167,1.4246425246579402,4.0824192961972265
27217,4.939951564330602,0.7123212623289701,4.227630302001631
8120,4.970874968473474,0.7123212623289701,4.258553706144504
26370,5.685281669049758,1.4246425246579402,4.260639144391817
7407,5.6892129630099255,1.4246425246579402,4.264570438351985
4230,5.012744006486382,0.7123212623289701,4.300422744157411
93748,5.077041152345564,0.7123212623289701,4.364719890016594
8687,5.122883240637483,0.7123212623289701,4.410561978308513
76866,5.272655552009372,0.7123212623289701,4.5603342896804016
104636,5.327064327524083,0.7123212623289701,4.614743065195113
72913,5.706698576402965,0.7123212623289701,4.994377314073994
71433,5.791866830292445,0.7123212623289701,5.079545567963475
654,6.045457156618193,0.7123212623289701,5.333135894289223
33090,6.067923278759862,0.7123212623289701,5.3556020164308915
89997,6.295359389186014,0.7123212623289701,5.583038126857043
73824,7.1337937675384655,1.4246425246579402,5.709151242880525
6654,7.168612558854396,1.4246425246579402,5.743970034196456
70046,6.596378037528504,0.7123212623289701,5.884056775199534
32419,6.641745689944087,0.7123212623289701,5.929424427615117
71147,6.889688883464102,0.7123212623289701,6.177367621135132
44861,6.908962851851708,0.7123212623289701,6.196641589522738
93139,6.968583632900747,0.7123212623289701,6.256262370571776
44392,7.122278587129558,0.7123212623289701,6.409957324800588
8790,7.206275183768805,0.7123212623289701,6.493953921439835
8652,7.423498559565869,0.7123212623289701,6.711177297236898
89386,7.634807212788609,0.7123212623289701,6.922485950459639
78009,7.827070199406838,0.7123212623289701,7.114748937077867
78539,7.928067036486574,0.7123212623289701,7.215745774157604
94752,7.9363045928190115,0.7123212623289701,7.223983330490041
105509,8.025474452399667,0.7123212623289701,7.313153190070697
6490,8.116137278080563,0.7123212623289701,7.403816015751593
3228,9.117378912861621,1.4246425246579402,7.692736388203681
85177,11.339020812651864,3.5616063116448506,7.777414501007013
85312,8.538336538570793,0.7123212623289701,7.826015276241822
6891,9.515196385474884,1.4246425246579402,8.090553860816943
95624,8.867972397329924,0.7123212623289701,8.155651135000953
52199,9.049538144941456,0.7123212623289701,8.337216882612486
97858,9.098850702862231,0.7123212623289701,8.38652944053326
26756,9.149572831360196,0.7123212623289701,8.437251569031226
5849,9.361613881053911,0.7123212623289701,8.64929261872494
5194,9.660270570483284,0.7123212623289701,8.947949308154314
67744,9.791188718283655,0.7123212623289701,9.078867455954684
3233,10.508473658851912,0.7123212623289701,9.796152396522942
114066,10.745411300283683,0.7123212623289701,10.033090037954713
72668,11.73088252874356,0.7123212623289701,11.01856126641459
42783,11.845355498379261,0.7123212623289701,11.13303423605029
1159,12.1893142290366,0.7123212623289701,11.47699296670763
100562,12.384450547603276,0.7123212623289701,11.672129285274305
2564,13.465361546161592,1.4246425246579402,12.040719021503651
51209,12.779934866469505,0.7123212623289701,12.067613604140535
79850,12.786733751830146,0.7123212623289701,12.074412489501176
4760,12.829413807282013,0.7123212623289701,12.117092544953042
70541,13.195272120614195,0.7123212623289701,12.482950858285225
71558,13.98037124840541,0.7123212623289701,13.26804998607644
699,14.264716557542705,0.7123212623289701,13.552395295213735
57276,15.120041244144725,1.4246425246579402,13.695398719486784
31487,14.75789448441342,0.7123212623289701,14.04557322208445
51773,15.722133152544256,1.4246425246579402,14.297490627886315
100509,15.119433586964849,0.7123212623289701,14.407112324635879
101262,15.283896191173296,0.7123212623289701,14.571574928844326
74649,15.2973405845114,0.7123212623289701,14.58501932218243
100553,15.545793378518658,0.7123212623289701,14.833472116189688
111436,15.871960986339129,0.7123212623289701,15.159639724010159
1789,16.118391821763556,0.7123212623289701,15.406070559434585
93008,17.036967883434038,0.7123212623289701,16.324646621105067
25860,17.510762442708344,0.7123212623289701,16.798441180379374
51455,17.807170711842733,0.7123212623289701,17.094849449513763
85190,18.4606520849787,0.7123212623289701,17.74833082264973
86750,19.26778881705357,0.7123212623289701,18.5554675547246
91470,20.04159346325535,0.7123212623289701,19.32927220092638
101918,20.4492045952694,0.7123212623289701,19.73688333294043
81111,20.617940181424657,0.7123212623289701,19.905618919095687
26998,22.725624167075846,0.7123212623289701,22.013302904746876
116905,23.14166162439655,0.7123212623289701,22.42934036206758
76085,23.399034684401425,0.7123212623289701,22.686713422072454
95780,23.600274251879934,0.7123212623289701,22.887952989550964
60243,25.776086380600525,0.7123212623289701,25.063765118271554
111460,26.59619142616004,0.7123212623289701,25.88387016383107
70186,27.735803046405,0.7123212623289701,27.02348178407603
92094,28.68895391309841,1.4246425246579402,27.26431138844047
101425,29.203883744819063,0.7123212623289701,28.491562482490092
33247,30.172592394215844,0.7123212623289701,29.460271131886874
26034,30.2311400149925,0.7123212623289701,29.51881875266353
51894,30.706097527737267,0.7123212623289701,29.993776265408297
106503,32.75302174368684,1.4246425246579402,31.328379219028896
81669,32.649798342649504,0.7123212623289701,31.937477080320534
111130,33.82754191230595,0.7123212623289701,33.11522064997698
859,34.56782147318486,0.7123212623289701,33.85550021085589
26372,35.30230022433,0.7123212623289701,34.58997896200103
58649,35.40605823926221,0.7123212623289701,34.69373697693324
8519,36.531702605492995,0.7123212623289701,35.819381343164025
34505,36.57342610643071,0.7123212623289701,35.86110484410174
71556,37.56434200669542,0.7123212623289701,36.85202074436645
99487,38.18258643230707,0.7123212623289701,37.4702651699781
27667,38.925840936444224,0.7123212623289701,38.213519674115254
83535,41.16943806675858,0.7123212623289701,40.45711680442961
80217,41.88853865864037,0.7123212623289701,41.1762173963114
109425,46.20088561425886,0.7123212623289701,45.48856435192989
68175,46.762598209172786,0.7123212623289701,46.050276946843816
108285,46.94371433935462,0.7123212623289701,46.23139307702565
120138,47.50221648842243,0.7123212623289701,46.789895226093456
7953,50.89814595262454,0.7123212623289701,50.18582469029557
105943,51.20575958223536,0.7123212623289701,50.49343831990639
113889,51.52538243742953,0.7123212623289701,50.81306117510056
2547,53.27737222060882,0.7123212623289701,52.56505095827985
82641,56.38623008071634,0.7123212623289701,55.67390881838737
2343,60.37676295644453,0.7123212623289701,59.66444169411556
64577,61.10328326607456,0.7123212623289701,60.39096200374559
117364,66.19926879634852,0.7123212623289701,65.48694753401955
69429,67.39770639517866,0.7123212623289701,66.68538513284969
82671,68.76224207468053,0.7123212623289701,68.04992081235156
86947,71.19826094919205,0.7123212623289701,70.48593968686308
93709,79.35176454654416,0.7123212623289701,78.63944328421519
81147,79.5067052918756,0.7123212623289701,78.79438402954663
86844,80.6089067905941,0.7123212623289701,79.89658552826513
60336,101.92252553740663,0.7123212623289701,101.21020427507766
129428,106.53102958642899,1.4246425246579402,105.10638706177104
68153,109.39412891159779,0.7123212623289701,108.68180764926882
8621,117.16842272022575,0.7123212623289701,116.45610145789678
79523,121.08179346666925,1.4246425246579402,119.65715094201131
64903,134.8617332313245,0.7123212623289701,134.14941196899554
1830,136.77482090399766,1.4246425246579402,135.35017837933972
96935,138.76232501192325,0.7123212623289701,138.05000374959428
55408,146.12355083260348,0.7123212623289701,145.41122957027451
81075,156.0093551228912,0.7123212623289701,155.29703386056224
52078,157.20157227890564,0.7123212623289701,156.48925101657667
101971,168.17618902853653,0.7123212623289701,167.46386776620756
106421,168.68738558408532,0.7123212623289701,167.97506432175635
88646,180.37813437702684,0.7123212623289701,179.66581311469787
100044,188.80205805447,0.7123212623289701,188.08973679214103
69483,207.4297716740035,0.7123212623289701,206.71745041167452
67865,208.5711459171427,0.7123212623289701,207.85882465481373
88889,220.47215023522594,0.7123212623289701,219.75982897289697
128624,236.99665807170908,0.7123212623289701,236.2843368093801
89347,242.48616111118562,0.7123212623289701,241.77383984885665
104576,250.8014979301481,0.7123212623289701,250.08917666781912
65011,277.72313461868544,0.7123212623289701,277.0108133563565
86646,332.74769542781644,0.7123212623289701,332.0353741654875
2958,354.56412144540434,0.7123212623289701,353.8518001830754
87834,368.61083033944686,0.7123212623289701,367.8985090771179
104386,407.50626438635913,0.7123212623289701,406.7939431240302
128320,417.4832236023822,0.7123212623289701,416.7709023400533
75406,449.2004150982679,0.7123212623289701,448.48809383593897
107684,480.99653939278863,0.7123212623289701,480.2842181304597
81092,524.5318287894055,0.7123212623289701,523.8195075270766
3750,526.1117690321336,0.7123212623289701,525.3994477698046
104780,529.4250849385626,0.7123212623289701,528.7127636762336
27451,532.264208336232,0.7123212623289701,531.551887073903
129013,620.3023389644096,0.7123212623289701,619.5900177020807
26480,632.9554462306367,0.7123212623289701,632.2431249683077
7409,661.8573177969979,0.7123212623289701,661.144996534669
128594,713.729349081597,0.7123212623289701,713.017027819268
70789,760.2970948735601,0.7123212623289701,759.5847736112312
93628,983.6308931598542,0.7123212623289701,982.9185718975252
78986,1009.5412282235326,0.7123212623289701,1008.8289069612036
93918,1337.2171438031087,0.7123212623289701,1336.5048225407797
43567,2372.840985935167,0.7123212623289701,2372.1286646728377
87683,2373.890751677653,0.7123212623289701,2373.178430415324
111878,2815.163069634504,0.7123212623289701,2814.450748372175
109953,2834.061648841043,0.7123212623289701,2833.3493275787137
120813,3410.4638726918524,0.7123212623289701,3409.7515514295233
108527,4319.5580353991045,0.7123212623289701,4318.845714136775
105563,4674.230493141527,0.7123212623289701,4673.518171879198
101855,17013.84705209088,0.7123212623289701,17013.13473082855
101292,17323.243509709806,0.7123212623289701,17322.531188447476
3226,30714.42581796799,1.4246425246579402,30713.001175443333
