item,weight_vector,weight,difference
480,0.15773243839286438,2473.8917440685614,-2473.7340116301684
150,12.19791633364429,2225.2916235156813,-2213.093707182037
590,10.246035763701325,2164.0319949553727,-2153.7859591916713
588,0.6370788806171788,1869.1309923511537,-1868.4939134705367
32,4.646019782211692,1851.3229607929302,-1846.6769410107186
1,250.0237989866728,2063.59469696696,-1813.570897980287
344,0.15863495891559604,1785.7894046586675,-1785.630769699752
457,501.15725058529085,2235.2641211882897,-1734.1068706029987
589,436.24616560052965,2026.55399132585,-1590.3078257253203
595,12.686051115915879,1511.545718662025,-1498.859667546109
364,16.126660806937913,1450.286090101736,-1434.159429294798
231,0.4807251021681317,1345.5748645393815,-1345.0941394372132
34,10.52138624204898,1246.5622090756585,-1236.0408228336096
1721,0.6290170891493625,979.4417357023053,-978.812718613156
1270,195.44997233549245,1149.6865173989224,-954.23654506343
62,0.6147490207173603,936.7024599625688,-936.0877109418515
4306,0.4666482011249041,935.2778174379109,-934.811169236786
36,0.6161773940761974,898.237111796806,-897.6209344027297
1097,0.30552303962072747,812.7585603173329,-812.4530372777122
1240,91.81974839299336,829.1419493508986,-737.3222009579052
3996,0.1515171524096389,708.7596560173074,-708.6081388648978
1356,1.2249744920222367,700.2118008693601,-698.9868263773378
2997,49.018503303525776,744.3757191337545,-695.3572158302287
223,1.556444490531178,685.2530543604523,-683.6966098699212
4886,1.9766738596738471,660.3218101789394,-658.3451363192655
2396,5.12087826791478,659.6094889166104,-654.4886106486956
104,0.7597971157561023,646.7877061946895,-646.0279090789334
6539,10.063410306588024,647.5000274570184,-637.4366171504304
1961,5.246870753867461,629.6919958987949,-624.4451251449274
6377,5.556156644038976,612.5962856029003,-607.0401289588613
1923,0.15602106502222501,599.0621816186504,-598.9061605536282
924,42.21707070640856,641.0891360960579,-598.8720653896494
1307,7.6379925182081605,546.3504082063087,-538.7124156881005
1610,0.9218141493497923,519.9945215001378,-519.072707350788
3114,137.42689028886167,654.6232400803078,-517.1963497914462
8961,2.456790967914227,507.88506004054574,-505.4282690726315
4995,39.58441591180033,543.5011231569929,-503.9167072451926
1080,5.51288017213616,498.6248836302695,-493.11200345813336
6874,59.370243502150956,542.788801894664,-483.418558392513
1246,5.093670014417428,485.0907796460196,-479.99710963160214
2918,6.6417686436017,479.39220954738806,-472.75044090378634
17,492.95979112855406,963.7706679310686,-470.81087680251454
2502,63.356577304081725,525.6930915987693,-462.3365142946876
497,0.15221034671324338,462.29649925149346,-462.14428890478024
2791,0.9351601371501694,446.62543148025674,-445.6902713431066
7438,2.623182748299953,444.4884676932699,-441.86528494496997
1259,5.976173076854853,436.65293380765155,-430.6767607307967
1387,30.4526217866294,459.4472142021777,-428.9945924155483
265,5.117402551237378,432.3790062336779,-427.2616036824405
5418,0.9167303654039763,425.9681148727174,-425.05138450731346
2700,0.46573222391946034,414.57097467545435,-414.1052424515349
2692,31.65295142782047,403.8861557405202,-372.23320431269974
2268,1.0769991886056234,371.83169893571784,-370.7546997471122
1358,31.31768273865684,383.94116039530985,-352.623477656653
333,0.1548123827357682,335.5033145569418,-335.34850217420603
32587,1.0755249372849403,333.366350769955,-332.29082583267
1278,2.4667051952008605,329.0924231959813,-326.62571800078047
44191,8.350791171059141,334.0786720322839,-325.7278808612248
356,2655.0894862779846,2975.3659127482965,-320.2764264703119
33794,152.68715052694685,467.995069350125,-315.30791882317817
1732,108.61953619047573,420.98186603641483,-312.3623298459391
1028,2.0100792539613415,310.57207037542884,-308.5619911214675
1242,11.878849559747005,314.13367668707355,-302.25482712732656
920,105.61575338101663,398.89990690421763,-293.284153523201
1266,0.30660409255542287,291.3393962925474,-291.032792199992
58,260.0469937667379,533.5286254843877,-273.4816317176498
8368,0.30552303962072747,271.39440094733703,-271.0888779077163
72998,18.221424620386873,288.49011124323164,-270.26868662284477
1997,2.085045978157925,265.6958308487055,-263.61078487054755
29,16.469883791829655,276.3806497836396,-259.91076599180997
1954,2.976289910763621,261.42190327473185,-258.4456133639682
1258,268.3160286761491,521.4191640247957,-253.10313534864662
1263,5.832524065967695,252.16172686445546,-246.32920279848776
3421,16.037588308182173,260.7095820124029,-244.67199370422074
59315,78.97335662045728,322.68153183502085,-243.70817521456357
63082,0.30135919845488474,231.50441025691532,-231.20305105846043
33493,0.15442266280111014,223.66887637129665,-223.51445370849555
40815,0.4627340078625486,222.95655510896768,-222.49382110110514
48394,43.55306125493752,255.01101191377134,-211.45795065883382
1036,537.8676843376193,745.0880403960834,-207.22035605846418
1022,0.15329048865267808,200.16227471444063,-200.00898422578794
1287,9.17765195597454,208.71012986238827,-199.53247790641373
69122,0.1505149978319906,193.7513833534799,-193.60086835564792
55820,31.814854476873673,224.38119763362562,-192.56634315675194
1293,77.51990489148349,267.8327946356923,-190.31288974420883
3552,1.4101606868511298,183.7788856808743,-182.36872499402318
3396,0.3040715000441066,182.35424315621637,-182.05017165617227
1947,0.30887044906001937,181.6419218938874,-181.3330514448274
1235,16.03024942619468,197.31298966512475,-181.28274023893007
1304,244.73381173662148,425.9681148727174,-181.23430313609595
2686,2.2995091553325437,183.06656441854534,-180.7670552632128
4262,20.09529710365258,198.02531092745372,-177.93001382380115
1231,0.1572932473495469,178.08031558224255,-177.923022334893
307,36.18847760528638,212.9840574363621,-176.7955798310757
1175,2.4469854779188123,178.08031558224255,-175.63333010432373
232,21.312778325689564,196.60066840279578,-175.28789007710623
1104,4.314656704866214,178.08031558224255,-173.76565887737632
33166,4.922110463412269,168.82013917196593,-163.89802870855365
914,124.20632518309745,279.94225609528434,-155.7359309121869
1952,3.3751417585138346,151.72442887607065,-148.3492871175568
778,518.8913912538502,666.7327015398998,-147.84131028604963
1884,0.30599059365754466,142.46425246579403,-142.15826187213648
994,0.4658848689680851,131.77943353085948,-131.3135486618914
2067,1.8355327330438935,131.0671122685305,-129.23157953548662
54001,2.6837254338294003,131.77943353085948,-129.09570809703007
64614,0.47114457197696025,128.9301484815436,-128.45900390956663
1288,243.19749226279774,369.694735148731,-126.49724288593328
1222,340.4418315292433,465.85810556313817,-125.41627403389487
162,55.56861645057114,179.5049581069005,-123.93634165632935
1982,0.3147870477940409,123.23157838291185,-122.91679133511781
44665,0.15117821092177644,115.39604449729318,-115.2448662863714
290,0.9270568104895629,114.6837232349642,-113.75666642447464
909,2.809781387594567,109.69747439866141,-106.88769301106684
4878,359.24774588041726,465.85810556313817,-106.61035968272091
1086,7.304814495298903,113.25908071030626,-105.95426621500737
4235,0.6316510731761039,106.13586808701656,-105.50421701384046
1269,81.66122967979636,183.7788856808743,-102.11765600107795
8957,0.302725344545234,101.14961925071377,-100.84689390616853
2795,9.238090789416992,109.69747439866141,-100.45938360924443
3504,0.48830001647546006,100.4372979883848,-99.94899797190934
68237,2.8488038481171647,102.57426177537171,-99.72545792725454
56782,0.15084420062289414,99.01265546372686,-98.86181126310396
55247,4.484599398070933,98.30033420139789,-93.81573480332696
1537,38.00389059282215,131.77943353085948,-93.77554293803732
1041,86.03561687627787,179.5049581069005,-93.46934123062262
933,3.5576122883525754,95.451049152082,-91.89343686372943
3683,1.2379014890647857,91.17712157810818,-89.9392200890434
30749,119.24993467251743,207.28548733773033,-88.0355526652129
2398,15.61667790807739,103.28658303770068,-87.66990512962329
1243,2.3028309478243307,88.3278365287923,-86.02500558096797
940,3.718080950484929,84.05390895481848,-80.33582800433355
1300,1.239304097570455,79.77998138084466,-78.5406772832742
69844,11.72176447171019,85.47855147947642,-73.75678700776623
1023,7.560562964694384,79.77998138084466,-72.21941841615028
6787,11.133742898576362,83.34158769248951,-72.20784479391315
3088,1.4074025280440479,73.36909001988393,-71.96168749183988
31410,0.9286249901273341,71.94444749522599,-71.01582250509865
965,0.3137909823422762,70.51980497056805,-70.20601398822576
40629,0.15366188628986424,67.67051992125216,-67.5168580349623
3083,38.374356878608964,103.99890430002965,-65.62454742142069
1225,474.372634615113,538.5148743206903,-64.14223970557731
1719,1.9915236817195885,64.82123487193628,-62.82971119021669
714,1.2212243389683795,62.68427108494938,-61.463046745981
1303,7.468870593211785,65.53355613426525,-58.06468554105347
2973,2.1673688277479854,59.8349860356335,-57.66761720788551
98809,0.9290544846803467,58.41034351097556,-57.48128902629521
6331,0.4663358113945164,57.69802224864659,-57.23168643725207
61240,1.408582132297723,58.41034351097556,-57.001761378677834
94959,0.15221034671324338,56.98570098631762,-56.83349063960437
55442,0.15602106502222501,55.56105846165968,-55.405037396637454
109374,10.050088973255702,63.39659234727835,-53.346503374022646
60069,275.8340498007968,327.66778067132344,-51.833730870526665
4857,2.7486228397847374,52.711773412343796,-49.96315057255906
581,1.9887379324644212,50.574809625356885,-48.58607169289246
3359,3.129906664618932,51.287130887685855,-48.157224223066926
3334,0.16005307325482135,47.725524576041,-47.56547150278618
1281,20.57426740022083,67.67051992125216,-47.09625252103133
1264,1.0924844138109393,47.725524576041,-46.63304016223007
599,1.848400772253357,44.87623952672512,-43.027838754471766
8533,56.325058243107115,99.01265546372686,-42.68759722061974
112556,0.15084420062289414,42.73927573973821,-42.58843153911532
2068,0.15442266280111014,41.31463321508027,-41.16021055227916
1927,0.4560380374527181,41.31463321508027,-40.85859517762755
1247,363.71446536328534,403.1738344781913,-39.45936911490594
97,5.061657125247985,41.31463321508027,-36.25297608983229
2575,0.1572932473495469,36.32838437877748,-36.17109113142793
102445,3.086197196620025,38.46534816576439,-35.37915096914436
112852,34.41156006272037,68.38284118358114,-33.971281120860766
3467,0.16999161628691403,32.05445680480366,-31.884465188516742
1066,1.131117136368937,32.76677806713263,-31.63566093076369
96821,5.795455613814337,37.04070564110645,-31.245250027292112
3811,3.825004519910497,34.90374185411954,-31.07873733420904
106489,2.178808870126635,32.76677806713263,-30.587969197005993
112290,0.15561139140249397,30.62981428014572,-30.474202888743225
52435,1.0975544069866765,31.34213554247469,-30.244581135488012
7256,13.310641582715403,43.45159700206718,-30.140955419351776
3097,0.7661101621090648,30.62981428014572,-29.863704118036654
8827,1.236852855709386,30.62981428014572,-29.392961424436333
906,2.3507017262130643,29.91749301781675,-27.566791291603685
4406,0.30372749912288227,27.78052923082984,-27.476801731706956
467,1.3136618678877603,28.49285049315881,-27.17918862527105
77455,0.15909880786929415,26.355886706171898,-26.196787898302603
1617,725.273823912291,750.786610494715,-25.512786582423928
3365,0.9170948654718586,24.218922919184987,-23.301828053713127
1226,0.45497888989846635,23.506601656856017,-23.05162276695755
71899,2.495805991203067,24.931244181513957,-22.43543819031089
4427,8.27465744419908,29.91749301781675,-21.642835573617667
615,0.7676905692638436,22.081959132198076,-21.31426856293423
8228,26.435012433738464,47.725524576041,-21.29051214230254
2927,1.0803962418877877,22.081959132198076,-21.00156289031029
59387,2.9484117813846846,23.506601656856017,-20.55818987547133
7063,1.6889786843415042,22.081959132198076,-20.392980447856573
8154,0.15561139140249397,19.944995345211165,-19.78938395380867
65514,1.0754919259523161,20.657316607540135,-19.58182468158782
936,1.4027007607126492,20.657316607540135,-19.254615846827488
96,0.30410307922460855,19.232674082882195,-18.928571003657588
4914,10.621015494896762,29.20517175548778,-18.584156260591016
2624,2.9387720846712186,20.657316607540135,-17.718544522868918
5385,0.1505149978319906,17.808031558224254,-17.657516560392263
78772,0.1729696904450771,17.808031558224254,-17.63506186777918
60487,0.31628675454195243,17.095710295895284,-16.77942354135333
72641,26.077125843786636,42.73927573973821,-16.662149895951575
7116,1.5404066048894491,17.095710295895284,-15.555303691005834
57504,0.15221034671324338,15.671067771237345,-15.518857424524102
1809,0.30135919845488474,15.671067771237345,-15.36970857278246
4187,0.46814805468569676,15.671067771237345,-15.202919716551648
6777,0.15221034671324338,14.958746508908375,-14.806536162195131
2488,0.15329048865267808,14.958746508908375,-14.805456020255697
907,0.15366188628986424,14.958746508908375,-14.80508462261851
80906,1.6059215448371247,16.383389033566313,-14.777467488729188
824,0.1686130986895011,13.534103984250434,-13.365490885560932
363,0.9409752103695228,14.246425246579404,-13.305450036209882
55721,2.1350892250092715,14.958746508908375,-12.823657283899102
26729,0.791783950957565,13.534103984250434,-12.742320033292868
3789,1.1016073017085892,13.534103984250434,-12.432496682541846
27156,0.15221034671324338,12.109461459592493,-11.95725111287925
72129,0.15366188628986424,12.109461459592493,-11.95579957330263
3983,40.257003397675106,51.999452150014825,-11.742448752339719
38304,0.1631512196835108,11.397140197263523,-11.233988977580012
8014,25.11940460814191,36.32838437877748,-11.208979770635569
4928,0.8017585925667059,11.397140197263523,-10.595381604696817
7215,2.964357255873914,13.534103984250434,-10.56974672837652
4783,0.17629143438888212,10.684818934934553,-10.508527500545672
7075,0.6058278980293392,10.684818934934553,-10.078991036905213
66371,3.555161657224464,13.534103984250434,-9.978942327025969
77846,0.1505149978319906,9.972497672605583,-9.821982674773592
26903,0.15256487060115928,9.972497672605583,-9.819932802004423
96488,0.31213628627109746,9.972497672605583,-9.660361386334484
6254,0.7812939048465175,9.972497672605583,-9.191203767759065
50851,0.1515171524096389,9.260176410276612,-9.108659257866973
31364,0.48358371985101367,9.260176410276612,-8.776592690425598
3634,2.852930012825464,11.397140197263523,-8.54421018443806
6460,0.15403922195426356,8.547855147947642,-8.393815925993378
89759,0.9322400509227785,9.260176410276612,-8.327936359353833
1312,1.718578418400182,9.972497672605583,-8.2539192542054
89774,4.592753678408499,12.821782721921464,-8.229029043512964
27251,6.0307280192645445,14.246425246579404,-8.215697227314859
5017,2.1574942107553277,9.972497672605583,-7.815003461850255
3989,0.15520856277015513,7.8355338856186725,-7.6803253228485175
5839,0.6169594585511389,7.8355338856186725,-7.218574427067534
63433,3.6096772268329564,10.684818934934553,-7.075141708101596
2607,2.195636455174241,9.260176410276612,-7.064539955102371
1169,0.1505149978319906,7.123212623289702,-6.9726976254577115
7762,0.15602106502222501,7.123212623289702,-6.967191558267477
27727,0.16794877895704194,7.123212623289702,-6.95526384433266
5475,0.31559248069216317,7.123212623289702,-6.807620142597539
26649,2.0682456244969245,8.547855147947642,-6.479609523450717
6375,0.15117821092177644,6.410891360960732,-6.259713150038955
7833,0.7747809987559477,6.410891360960732,-5.636110362204784
98203,0.15329048865267808,5.698570098631762,-5.545279609979083
601,0.3090026589432308,5.698570098631762,-5.3895674396885305
7832,0.3122634199680647,5.698570098631762,-5.386306678663697
78160,0.6090964494934851,5.698570098631762,-5.089473649138276
8580,4.193330955944936,9.260176410276612,-5.066845454331676
73881,10.716743657693055,15.671067771237345,-4.95432411354429
33124,0.18665241123894338,4.986248836302791,-4.799596425063848
6509,4.624067325475149,9.260176410276612,-4.636109084801463
74324,8.361285711602209,12.821782721921464,-4.460497010319255
5121,0.620933920054074,4.986248836302791,-4.3653149162487175
3306,0.15221034671324338,4.273927573973821,-4.121717227260578
25850,0.30847145827132333,4.273927573973821,-3.9654561157024975
27857,0.4545565166622786,4.273927573973821,-3.8193710573115425
1471,0.8115921967927214,4.273927573973821,-3.4623353771810996
3736,1.5391541922981027,4.986248836302791,-3.4470946440046886
1075,1.566743787134418,4.986248836302791,-3.4195050491683734
7759,0.15329048865267808,3.5616063116448506,-3.4083158229921726
44889,0.15329048865267808,3.5616063116448506,-3.4083158229921726
871,0.15442266280111014,3.5616063116448506,-3.4071836488437404
27369,0.156861774859441,3.5616063116448506,-3.4047445367854094
8491,3.2347080188389357,6.410891360960732,-3.176183342121796
7786,1.8373905884041197,4.986248836302791,-3.1488582478986715
46855,0.4611212194139648,3.5616063116448506,-3.100485092230886
26122,0.467171160990929,3.5616063116448506,-3.0944351506539216
5056,1.2307948396682482,4.273927573973821,-3.0431327343055727
7924,0.15084420062289414,2.8492850493158803,-2.6984408486929863
26400,0.1515171524096389,2.8492850493158803,-2.6977678969062415
3816,0.15329048865267808,2.8492850493158803,-2.6959945606632023
2705,0.8738319481616418,3.5616063116448506,-2.687774363483209
7941,0.9292682927766823,3.5616063116448506,-2.632338018868168
1139,0.3034090712240534,2.8492850493158803,-2.5458759780918268
27871,1.076419707541766,3.5616063116448506,-2.4851866041030846
5373,0.4525374093766612,2.8492850493158803,-2.3967476399392194
115122,0.4580765102863734,2.8492850493158803,-2.391208539029507
2673,0.6282543969565092,2.8492850493158803,-2.2210306523593712
25753,0.648628023655266,2.8492850493158803,-2.2006570256606146
27815,15.623729612178469,17.808031558224254,-2.1843019460457853
5304,2.14850168461436,4.273927573973821,-2.125425889359461
69529,0.15084420062289414,2.13696378698691,-1.986119586364016
1149,0.15520856277015513,2.13696378698691,-1.9817552242167549
84187,0.15773243839286438,2.13696378698691,-1.9792313485940456
8975,0.15909880786929415,2.13696378698691,-1.977864979117616
7312,0.16104477175644444,2.13696378698691,-1.9759190152304655
25805,2.3001927201578924,4.273927573973821,-1.9737348538159285
1052,0.19823986317056053,2.13696378698691,-1.9387239238163496
70637,0.9328952553331524,2.8492850493158803,-1.916389793982728
1133,2.3998573322626053,4.273927573973821,-1.8740702417112156
2838,0.30446869957445455,2.13696378698691,-1.8324950874124555
5028,0.31691484811426235,2.13696378698691,-1.8200489388726477
65225,0.31781517664216474,2.13696378698691,-1.8191486103447452
50740,3.2193646017368445,4.986248836302791,-1.7668842345659468
31903,0.45635724962127955,2.13696378698691,-1.6806065373656305
2493,4.037401595512077,5.698570098631762,-1.6611685031196846
39768,0.47795110432721777,2.13696378698691,-1.6590126826596923
6408,0.4783235846305116,2.13696378698691,-1.6586402023563984
50703,0.48848300468871264,2.13696378698691,-1.6484807822981975
1115,0.6384179584114777,2.13696378698691,-1.4985458285754323
1364,0.6533557268000267,2.13696378698691,-1.4836080601868833
7043,2.162908794679316,3.5616063116448506,-1.3986975169655347
33270,0.7594699204532549,2.13696378698691,-1.3774938665336551
56167,0.15084420062289414,1.4246425246579402,-1.2737983240350461
8609,0.15084420062289414,1.4246425246579402,-1.2737983240350461
58309,0.15117821092177644,1.4246425246579402,-1.2734643137361636
80281,0.15221034671324338,1.4246425246579402,-1.2724321779446968
47152,0.15221034671324338,1.4246425246579402,-1.2724321779446968
107978,0.15256487060115928,1.4246425246579402,-1.2720776540567809
3645,0.15292486830283214,1.4246425246579402,-1.271717656355108
404,0.15366188628986424,1.4246425246579402,-1.270980638368076
8971,0.15403922195426356,1.4246425246579402,-1.2706033027036767
2564,0.15403922195426356,1.4246425246579402,-1.2706033027036767
56095,0.15442266280111014,1.4246425246579402,-1.2702198618568301
95654,0.16005307325482135,1.4246425246579402,-1.2645894514031188
8579,0.16104477175644444,1.4246425246579402,-1.2635977529014957
57276,0.16155546744299637,1.4246425246579402,-1.2630870572149437
98373,0.18790182470910757,1.4246425246579402,-1.2367406999488326
81731,0.3023761511628538,1.4246425246579402,-1.1222663734950864
26370,0.3058497366056643,1.4246425246579402,-1.1187927880522759
7936,0.30599059365754466,1.4246425246579402,-1.1186519310003955
5953,0.3100602869764886,1.4246425246579402,-1.1145822376814516
1145,0.31790654661588547,1.4246425246579402,-1.1067359780420547
62385,0.36413368328099094,1.4246425246579402,-1.0605088413769492
7939,1.0875026479668073,2.13696378698691,-1.0494611390201027
751,0.4628676534089399,1.4246425246579402,-0.9617748712490002
56093,0.46304379447123656,1.4246425246579402,-0.9615987301867036
4999,0.465996869906654,1.4246425246579402,-0.9586456547512862
8616,0.4713893910628608,1.4246425246579402,-0.9532531335950793
77233,0.6139285084092985,1.4246425246579402,-0.8107140162486417
93803,0.7609756980858188,1.4246425246579402,-0.6636668265721214
1470,0.7719409621215678,1.4246425246579402,-0.6527015625363723
5560,0.7833169153998826,1.4246425246579402,-0.6413256092580576
80648,0.7993691642936358,1.4246425246579402,-0.6252733603643044
75351,0.8124807231418515,1.4246425246579402,-0.6121618015160887
5825,2.963730615225493,3.5616063116448506,-0.5978756964193574
6182,0.8278973887144065,1.4246425246579402,-0.5967451359435336
32460,3.707576278377954,4.273927573973821,-0.5663512955958669
79519,0.1505149978319906,0.7123212623289701,-0.5618062644969795
45172,0.1505149978319906,0.7123212623289701,-0.5618062644969795
111460,0.1505149978319906,0.7123212623289701,-0.5618062644969795
117109,0.15084420062289414,0.7123212623289701,-0.5614770617060759
83038,0.15084420062289414,0.7123212623289701,-0.5614770617060759
25792,0.15084420062289414,0.7123212623289701,-0.5614770617060759
65011,0.15084420062289414,0.7123212623289701,-0.5614770617060759
82150,0.15084420062289414,0.7123212623289701,-0.5614770617060759
85190,0.15117821092177644,0.7123212623289701,-0.5611430514071937
115,0.15117821092177644,0.7123212623289701,-0.5611430514071937
88837,0.1515171524096389,0.7123212623289701,-0.5608041099193312
27862,0.1515171524096389,0.7123212623289701,-0.5608041099193312
32562,0.15186115333086322,0.7123212623289701,-0.5604601089981068
111778,0.15186115333086322,0.7123212623289701,-0.5604601089981068
41706,0.15186115333086322,0.7123212623289701,-0.5604601089981068
96563,0.15186115333086322,0.7123212623289701,-0.5604601089981068
2547,0.15221034671324338,0.7123212623289701,-0.5601109156157267
97722,0.15256487060115928,0.7123212623289701,-0.5597563917278108
100044,0.15292486830283214,0.7123212623289701,-0.5593963940261379
2438,0.15292486830283214,0.7123212623289701,-0.5593963940261379
52942,0.15292486830283214,0.7123212623289701,-0.5593963940261379
31991,0.15292486830283214,0.7123212623289701,-0.5593963940261379
106473,0.15292486830283214,0.7123212623289701,-0.5593963940261379
119145,0.15329048865267808,0.7123212623289701,-0.5590307736762921
81589,0.15520856277015513,0.7123212623289701,-0.5571126995588149
27217,0.15561139140249397,0.7123212623289701,-0.5567098709264762
101428,0.15561139140249397,0.7123212623289701,-0.5567098709264762
100509,0.15561139140249397,0.7123212623289701,-0.5567098709264762
4760,0.15602106502222501,0.7123212623289701,-0.5563001973067451
77357,0.15602106502222501,0.7123212623289701,-0.5563001973067451
82032,0.15643778834207153,0.7123212623289701,-0.5558834739868985
33310,0.1572932473495469,0.7123212623289701,-0.5550280149794232
89945,0.1572932473495469,0.7123212623289701,-0.5550280149794232
4461,0.15773243839286438,0.7123212623289701,-0.5545888239361056
107196,0.15773243839286438,0.7123212623289701,-0.5545888239361056
115629,0.15817959093978226,0.7123212623289701,-0.5541416713891878
1743,0.15909880786929415,0.7123212623289701,-0.553222454459676
25961,0.15957141566993818,0.7123212623289701,-0.5527498466590319
55343,0.16005307325482135,0.7123212623289701,-0.5522681890741488
95835,0.1605440854340214,0.7123212623289701,-0.5517771768949487
78539,0.16104477175644444,0.7123212623289701,-0.5512764905725256
59154,0.16207652439312228,0.7123212623289701,-0.5502447379358478
6527,0.16207652439312228,0.7123212623289701,-0.5502447379358478
3123,0.16260831227163416,0.7123212623289701,-0.5497129500573359
115989,0.16544255391905832,0.7123212623289701,-0.5468787084099118
3233,0.16794877895704194,0.7123212623289701,-0.5443724833719281
26463,0.17070727966372012,0.7123212623289701,-0.54161398266525
86829,0.17376534287144002,0.7123212623289701,-0.53855591945753
1424,0.1810425967800402,0.7123212623289701,-0.5312786655489299
1071,0.19342640361727081,0.7123212623289701,-0.5188948587116993
771,0.9189303714504024,1.4246425246579402,-0.5057121532075378
7234,10.905232210340918,11.397140197263523,-0.4919079869226053
3746,5.929488575990186,6.410891360960732,-0.48140278497054556
1400,0.9519528673554596,1.4246425246579402,-0.4726896573024806
32483,0.9557318191991735,1.4246425246579402,-0.4689107054587667
6000,0.3030545473361375,0.7123212623289701,-0.40926671499283257
31309,0.3048834225771577,0.7123212623289701,-0.40743783975181236
102058,0.3056008737228866,0.7123212623289701,-0.4067203886060835
3369,0.30695278617406213,0.7123212623289701,-0.40536847615490795
26164,0.30732971060694164,0.7123212623289701,-0.40499155172202844
74480,0.3087229281903042,0.7123212623289701,-0.40359833413866586
95185,0.30947915953849015,0.7123212623289701,-0.40284210279047994
7623,0.31086045114318167,0.7123212623289701,-0.4014608111857884
109372,0.31095996120015734,0.7123212623289701,-0.40136130112881274
77353,0.31484595609567445,0.7123212623289701,-0.39747530623329563
26034,0.31615547683651535,0.7123212623289701,-0.39616578549245474
77688,0.31639205521884106,0.7123212623289701,-0.395929207110129
116893,0.3170309750727443,0.7123212623289701,-0.3952902872562258
100556,2.456785285013583,2.8492850493158803,-0.3924997643022974
51207,0.3215514802866143,0.7123212623289701,-0.3907697820423558
117466,0.3224854345580094,0.7123212623289701,-0.3898358277709607
8068,0.32303963441699224,0.7123212623289701,-0.38928162791197785
103819,0.3394973959188613,0.7123212623289701,-0.3728238664101088
99260,0.34008439991151396,0.7123212623289701,-0.3722368624174561
130,0.34305915047022145,0.7123212623289701,-0.36926211185874863
69394,1.086323366803309,1.4246425246579402,-0.3383191578546312
73416,0.37643251663014476,0.7123212623289701,-0.3358887456988253
65612,1.1002443503373323,1.4246425246579402,-0.3243981743206079
99731,1.1134300113938087,1.4246425246579402,-0.31121251326413146
6467,0.4567645664994976,0.7123212623289701,-0.2555566958294725
81413,0.4608611622338657,0.7123212623289701,-0.2514601000951044
49917,0.4619093225147192,0.7123212623289701,-0.25041193981425086
9007,0.46289412107243344,0.7123212623289701,-0.24942714125653664
4272,0.46372704050456015,0.7123212623289701,-0.24859422182440993
106868,0.4639623394833548,0.7123212623289701,-0.24835892284561528
94022,0.47437336959858256,0.7123212623289701,-0.23794789273038752
72041,0.48423146529224337,0.7123212623289701,-0.22808979703672672
71991,0.4845139294132884,0.7123212623289701,-0.22780733291568167
71007,0.48617719219008415,0.7123212623289701,-0.22614407013888593
8652,0.4864386441819306,0.7123212623289701,-0.22588261814703947
42094,0.48725761091790454,0.7123212623289701,-0.22506365141106555
3817,0.4896716205683262,0.7123212623289701,-0.2226496417606439
81441,0.49207661478775383,0.7123212623289701,-0.22024464754121625
2512,4.115255913569058,4.273927573973821,-0.15867166040476288
69803,0.6187801001047437,0.7123212623289701,-0.09354116222422637
34063,0.6217111110952999,0.7123212623289701,-0.09061015123367022
95624,0.6260486127879538,0.7123212623289701,-0.08627264954101632
120637,0.6264560117336949,0.7123212623289701,-0.08586525059527517
1774,0.6293962886570321,0.7123212623289701,-0.08292497367193796
71688,0.6331900290964274,0.7123212623289701,-0.07913123323254267
101918,0.633713977566477,0.7123212623289701,-0.07860728476249312
32419,0.6392200580292196,0.7123212623289701,-0.07310120429975053
128594,0.6393470046322114,0.7123212623289701,-0.0729742576967587
67927,0.6559040515043709,0.7123212623289701,-0.05641721082459916
118105,0.7077267319283382,0.7123212623289701,-0.004594530400631847
30958,0.764546926238266,0.7123212623289701,0.05222566390929595
71147,0.7654371340104724,0.7123212623289701,0.053115871681502336
92760,0.7731760843917762,0.7123212623289701,0.060854822062806124
1308,0.7802921344131236,0.7123212623289701,0.06797087208415353
86844,0.7806200974522343,0.7123212623289701,0.06829883512326418
64845,0.7806954803026995,0.7123212623289701,0.06837421797372945
64903,0.7924935335120805,0.7123212623289701,0.08017227118311043
94044,0.8388980248311709,0.7123212623289701,0.12657676250220085
85259,0.8670766840917546,0.7123212623289701,0.15475542176278456
79006,3.08115192964719,2.8492850493158803,0.23186688033130975
31148,0.9464799252865675,0.7123212623289701,0.23415866295759746
104944,4.528368955043966,4.273927573973821,0.25444138107014513
5793,0.9718699737045295,0.7123212623289701,0.25954871137555946
26208,2.4868306301775633,2.13696378698691,0.3498668431906533
91010,1.069462987789119,0.7123212623289701,0.357141725460149
84532,1.0839852867152386,0.7123212623289701,0.37166402438626855
7645,1.1347006016368233,0.7123212623289701,0.4223793393078532
72913,1.2308868294265618,0.7123212623289701,0.5185655670975917
113851,1.2547098595607005,0.7123212623289701,0.5423885972317304
6350,81.03962526614546,80.49230264317363,0.5473226229718335
82739,1.2719185611599366,0.7123212623289701,0.5595972988309665
54284,2.065085190088044,1.4246425246579402,0.6404426654301036
7241,1.3781042941414965,0.7123212623289701,0.6657830318125264
33688,2.091991181257592,1.4246425246579402,0.667348656599652
52784,1.399982887300398,0.7123212623289701,0.687661624971428
27841,1.4060924081698913,0.7123212623289701,0.6937711458409213
88646,1.4135817635012435,0.7123212623289701,0.7012605011722735
91488,2.855174403046431,2.13696378698691,0.7182106160595212
101170,2.1475469992606295,1.4246425246579402,0.7229044746026894
108146,1.446126178256823,0.7123212623289701,0.733804915927853
729,5.019104152740807,4.273927573973821,0.7451765787669862
112277,1.4636231166950242,0.7123212623289701,0.7513018543660541
129707,1.5017110316427749,0.7123212623289701,0.7893897693138048
27667,1.5545506953762296,0.7123212623289701,0.8422294330472595
7301,3.6997537123528508,2.8492850493158803,0.8504686630369704
2603,1.599372486560449,0.7123212623289701,0.887051224231479
128624,1.6198663834463671,0.7123212623289701,0.907545121117397
117533,2.355696825158107,1.4246425246579402,0.931054300500167
1709,3.091015774809179,2.13696378698691,0.9540519878222691
30701,1.707739427511348,0.7123212623289701,0.9954181651823779
3092,3.867011500028797,2.8492850493158803,1.0177264507129165
70659,1.7307061153750263,0.7123212623289701,1.0183848530460562
87568,1.764974436961994,0.7123212623289701,1.0526531746330239
26380,1.8131238151434876,0.7123212623289701,1.1008025528145176
4325,1.836492327342908,0.7123212623289701,1.1241710650139378
4404,4.686824843810086,3.5616063116448506,1.1252185321652357
92210,1.8651727288557487,0.7123212623289701,1.1528514665267786
47904,1.8709734677167005,0.7123212623289701,1.1586522053877304
5687,1.9181722052200434,0.7123212623289701,1.2058509428910733
81669,1.948488113628974,0.7123212623289701,1.236166851300004
2839,8.444268389817454,7.123212623289702,1.3210557665277518
32834,2.0401012714177296,0.7123212623289701,1.3277800090887595
69992,3.50488667268554,2.13696378698691,1.36792288569863
74508,4.240885196362022,2.8492850493158803,1.3916001470461419
1572,10.691868289291055,9.260176410276612,1.4316918790144424
93265,4.300845817030859,2.8492850493158803,1.4515607677149784
87210,2.224598324123919,0.7123212623289701,1.512277061794949
71558,2.2327176275670344,0.7123212623289701,1.5203963652380643
26070,2.296432603831879,0.7123212623289701,1.5841113415029089
76085,2.3063956351727732,0.7123212623289701,1.5940743728438032
8724,2.3331943515352513,0.7123212623289701,1.6208730892062813
81092,2.3415216220169035,0.7123212623289701,1.6292003596879334
37495,3.080066733096187,1.4246425246579402,1.6554242084382467
25751,2.3873537617298366,0.7123212623289701,1.6750324994008665
91199,3.101019679167875,1.4246425246579402,1.6763771545099346
113889,2.4769012518702773,0.7123212623289701,1.7645799895413072
40033,2.51605816996834,0.7123212623289701,1.80373690763937
1140,2.6305955125465776,0.7123212623289701,1.9182742502176076
1764,2.706441028689282,0.7123212623289701,1.9941197663603119
130490,2.895054033720272,0.7123212623289701,2.1827327713913016
97393,2.917090407910598,0.7123212623289701,2.2047691455816283
95377,3.707104081157185,1.4246425246579402,2.282461556499245
42351,5.17706594790218,2.8492850493158803,2.3277808985862993
113557,3.0544198282201833,0.7123212623289701,2.342098565891213
73759,7.337284766542266,4.986248836302791,2.3510359302394743
27176,3.1137464849303416,0.7123212623289701,2.4014252226013717
103639,3.9157994837144456,1.4246425246579402,2.4911569590565055
7821,3.212762461144626,0.7123212623289701,2.500441198815656
77854,4.643602732497164,2.13696378698691,2.506638945510254
117650,3.2438186324766076,0.7123212623289701,2.5314973701476378
111529,3.3206467768776835,0.7123212623289701,2.6083255145487136
3455,3.349003165398111,0.7123212623289701,2.6366819030691406
86091,3.502664495568706,0.7123212623289701,2.790343233239736
26471,10.656456904963697,7.8355338856186725,2.8209230193450248
51773,4.247161141937123,1.4246425246579402,2.8225186172791825
111647,3.6053176309656463,0.7123212623289701,2.892996368636676
89386,3.6741155773852614,0.7123212623289701,2.9617943150562915
95064,3.719257283200271,0.7123212623289701,3.0069360208713007
81147,3.7213423496168656,0.7123212623289701,3.0090210872878957
60259,3.7974330188694143,0.7123212623289701,3.085111756540444
80337,3.910703404317442,0.7123212623289701,3.198382141988472
31487,3.9206906419154786,0.7123212623289701,3.2083693795865083
105096,3.946617862830228,0.7123212623289701,3.234296600501258
68838,4.7040586831011195,1.4246425246579402,3.2794161584431794
98795,4.017925270237848,0.7123212623289701,3.3056040079088778
82976,4.030948558550807,0.7123212623289701,3.3186272962218366
87004,4.822352797466224,1.4246425246579402,3.397710272808284
30867,4.999034123032408,1.4246425246579402,3.574391598374468
116905,4.437079385624872,0.7123212623289701,3.724758123295902
3456,10.946432464101903,7.123212623289702,3.823219840812201
55856,4.555492097957979,0.7123212623289701,3.8431708356290084
78162,6.714094779004185,2.8492850493158803,3.8648097296883046
93467,4.923840168594258,0.7123212623289701,4.211518906265288
58994,4.9448070569086156,0.7123212623289701,4.232485794579645
111130,4.950895190129761,0.7123212623289701,4.238573927800791
91854,5.127640827306448,0.7123212623289701,4.4153195649774775
106642,19.47647937664819,14.958746508908375,4.517732867739815
109425,5.3350450202731885,0.7123212623289701,4.622723757944218
78919,5.380383165079432,0.7123212623289701,4.668061902750462
44653,6.095937655415816,1.4246425246579402,4.671295130757876
7132,23.97611912506768,19.232674082882195,4.743445042185485
31116,12.651876201504633,7.8355338856186725,4.816342315885961
71750,5.572439116653698,0.7123212623289701,4.860117854324728
92966,6.301246771462715,1.4246425246579402,4.876604246804774
50613,5.611418737118849,0.7123212623289701,4.899097474789879
96897,5.714251558738102,0.7123212623289701,5.001930296409132
105147,5.800210635202884,0.7123212623289701,5.087889372873914
36086,6.531097625489436,1.4246425246579402,5.1064551008314965
127098,5.823123676347236,0.7123212623289701,5.1108024140182655
97697,5.924729987999885,0.7123212623289701,5.212408725670914
100562,5.998275809007665,0.7123212623289701,5.285954546678695
9010,18.122119473268896,12.821782721921464,5.300336751347432
25764,9.65457917637077,4.273927573973821,5.3806516023969495
78544,6.111587193589135,0.7123212623289701,5.399265931260165
3091,29.68858713115899,24.218922919184987,5.469664211974003
4101,6.207847610994174,0.7123212623289701,5.495526348665203
112929,6.397632181840669,0.7123212623289701,5.685310919511699
52078,6.494660354530741,0.7123212623289701,5.782339092201771
6599,6.676916977540724,0.7123212623289701,5.964595715211754
1534,7.4574697652223545,1.4246425246579402,6.032827240564414
82246,6.79389359684807,0.7123212623289701,6.0815723345191
25763,6.823844126045877,0.7123212623289701,6.111522863716907
1734,47.43133734951041,41.31463321508027,6.116704134430137
83326,6.842492638708603,0.7123212623289701,6.130171376379633
8195,11.126459341931412,4.986248836302791,6.1402105056286205
3881,6.8951653128889525,0.7123212623289701,6.182844050559982
70541,6.958056858365324,0.7123212623289701,6.245735596036353
31193,11.983238849286588,5.698570098631762,6.284668750654826
4237,8.44716841257425,2.13696378698691,6.31020462558734
3741,42.799325514530786,36.32838437877748,6.470941135753307
86646,7.23408347449565,0.7123212623289701,6.52176221216668
71418,8.062473366115968,1.4246425246579402,6.637830841458028
115147,7.571890205178302,0.7123212623289701,6.859568942849331
108548,8.286297362274562,1.4246425246579402,6.861654837616621
25886,7.578867212841248,0.7123212623289701,6.866545950512278
7820,9.053049448471858,2.13696378698691,6.916085661484948
86947,7.636949611916497,0.7123212623289701,6.924628349587526
93139,7.884878499960858,0.7123212623289701,7.172557237631888
26822,7.916988256944874,0.7123212623289701,7.204666994615904
84857,8.002239662594436,0.7123212623289701,7.289918400265465
72505,8.041367615138991,0.7123212623289701,7.329046352810021
56561,8.286735107300915,0.7123212623289701,7.574413844971945
73608,8.342065814999147,0.7123212623289701,7.629744552670177
1893,12.874215651554218,4.986248836302791,7.887966815251427
83535,8.603768987792085,0.7123212623289701,7.891447725463115
26366,9.347412484228588,1.4246425246579402,7.922769959570648
7505,14.36061230956546,6.410891360960732,7.949720948604727
72724,8.69104376809582,0.7123212623289701,7.97872250576685
2609,18.931757644418685,10.684818934934553,8.246938709484132
36363,13.946947862673536,5.698570098631762,8.248377764041773
78408,9.007014224881807,0.7123212623289701,8.294692962552837
34505,9.095518552109063,0.7123212623289701,8.383197289780092
87308,10.680002843196132,2.13696378698691,8.54303905620922
4183,10.069583519863992,1.4246425246579402,8.644940995206051
90945,9.955361489125913,0.7123212623289701,9.243040226796943
27922,11.446818928692954,2.13696378698691,9.309855141706045
85312,10.074906671164735,0.7123212623289701,9.362585408835765
109781,10.37380716548613,0.7123212623289701,9.66148590315716
54621,10.985810557836118,0.7123212623289701,10.273489295507147
98198,12.410849108963351,2.13696378698691,10.27388532197644
76738,11.1491023164531,0.7123212623289701,10.436781054124129
119182,11.634219928996066,0.7123212623289701,10.921898666667095
126426,11.988564137613398,0.7123212623289701,11.276242875284428
86574,12.246227440703857,0.7123212623289701,11.533906178374886
110348,12.495002841615142,0.7123212623289701,11.782681579286171
118930,13.226767878935421,1.4246425246579402,11.80212535427748
71993,12.544402347516442,0.7123212623289701,11.832081085187472
85774,24.71446714709036,12.821782721921464,11.892684425168897
5518,12.85841781022951,0.7123212623289701,12.14609654790054
2503,12.940545981447817,0.7123212623289701,12.228224719118847
100106,13.06080313716128,0.7123212623289701,12.34848187483231
64650,13.068064316279566,0.7123212623289701,12.355743053950595
7938,14.64614934917806,2.13696378698691,12.50918556219115
8516,15.89471679939787,2.8492850493158803,13.045431750081988
55408,13.875870957795923,0.7123212623289701,13.163549695466953
69495,14.65399126856321,1.4246425246579402,13.22934874390527
1577,15.429916089612755,2.13696378698691,13.292952302625846
2197,15.543769437518455,2.13696378698691,13.406805650531545
108285,14.344781229428634,0.7123212623289701,13.632459967099663
25963,15.097108614066029,1.4246425246579402,13.672466089408088
81276,14.51842667213124,0.7123212623289701,13.806105409802269
6433,17.901332768628308,3.5616063116448506,14.339726456983456
2930,15.888372980189951,1.4246425246579402,14.46373045553201
104374,30.377425543997486,15.671067771237345,14.706357772760141
7074,18.43034866201281,3.5616063116448506,14.86874235036796
69524,20.10653603043564,4.986248836302791,15.12028719413285
76132,16.175150063309864,0.7123212623289701,15.462828800980894
64577,16.73396019259984,0.7123212623289701,16.02163893027087
65025,16.922449656402474,0.7123212623289701,16.210128394073504
1768,18.804424132128354,2.13696378698691,16.667460345141443
2933,20.381311741593326,3.5616063116448506,16.819705429948474
6891,18.372023923104788,1.4246425246579402,16.947381398446847
25860,17.705427126463114,0.7123212623289701,16.993105864134144
51894,17.97811188473497,0.7123212623289701,17.265790622406
25826,18.137602376080043,0.7123212623289701,17.425281113751073
7578,18.372601026870313,0.7123212623289701,17.660279764541343
74727,20.149564053786875,2.13696378698691,18.012600266799964
26171,18.74980327755826,0.7123212623289701,18.03748201522929
4194,20.414671628642882,2.13696378698691,18.27770784165597
117364,19.20900293240614,0.7123212623289701,18.49668167007717
103235,20.236927911676876,1.4246425246579402,18.812285387018935
95754,19.76040392715974,0.7123212623289701,19.04808266483077
34032,20.221010892736736,0.7123212623289701,19.508689630407765
8403,21.818654614526547,2.13696378698691,19.681690827539637
72094,20.429381878594896,0.7123212623289701,19.717060616265925
8790,20.64816540245466,0.7123212623289701,19.93584414012569
82591,20.733950487309826,0.7123212623289701,20.021629224980856
91470,21.025215374636367,0.7123212623289701,20.312894112307397
71556,21.310519443358736,0.7123212623289701,20.598198181029765
32892,25.038798015521746,4.273927573973821,20.764870441547924
4422,31.679606374840844,10.684818934934553,20.99478743990629
7064,36.0625241391763,14.958746508908375,21.10377763026792
73824,23.49441520356224,1.4246425246579402,22.0697726789043
1830,24.531904372892793,1.4246425246579402,23.107261848234852
30991,23.93829033833709,0.7123212623289701,23.22596907600812
56631,24.26576005303502,0.7123212623289701,23.55343879070605
54967,25.550447137912254,1.4246425246579402,24.125804613254314
88810,55.57972860931633,31.34213554247469,24.237593066841637
116028,25.127051532802405,0.7123212623289701,24.414730270473434
70843,25.307574748620826,0.7123212623289701,24.595253486291856
26699,27.44236162263097,2.13696378698691,25.305397835644058
71433,26.417408355096935,0.7123212623289701,25.705087092767965
26133,40.75272437295589,14.958746508908375,25.793977864047513
2958,27.24211186422247,0.7123212623289701,26.5297906018935
89090,27.983083992706177,1.4246425246579402,26.558441468048237
101962,27.696240206407015,0.7123212623289701,26.983918944078045
2542,384.41555261162245,356.1606311644811,28.254921447141328
97779,28.994287441310238,0.7123212623289701,28.281966178981268
101425,29.09535062407845,0.7123212623289701,28.38302936174948
90845,29.323637171635333,0.7123212623289701,28.611315909306363
80777,29.914091835888815,0.7123212623289701,29.201770573559845
101857,30.15962168748464,0.7123212623289701,29.44730042515567
98956,30.87307757223065,1.4246425246579402,29.44843504757271
111235,30.763595496928602,0.7123212623289701,30.05127423459963
3193,31.289221684837486,0.7123212623289701,30.576900422508515
89939,31.63973133529481,0.7123212623289701,30.92741007296584
26578,35.73926412640233,4.273927573973821,31.46533655242851
81834,123.52746157674272,91.88944284043716,31.63801873630557
3808,35.75251663637973,3.5616063116448506,32.19091032473488
26100,32.98672993983969,0.7123212623289701,32.27440867751072
81497,33.205589056220276,0.7123212623289701,32.493267793891306
955,118.14472230115135,85.47855147947642,32.666170821674925
2343,33.43578659481605,0.7123212623289701,32.72346533248708
25954,36.18015184891115,2.8492850493158803,33.33086679959527
35826,34.15819067479288,0.7123212623289701,33.44586941246391
73900,34.38562462348125,0.7123212623289701,33.67330336115228
8199,39.690786362454794,5.698570098631762,33.99221626382303
3232,35.43661335593725,1.4246425246579402,34.01197083127931
129739,35.023903404232925,0.7123212623289701,34.311582141903955
74327,35.93486787307903,1.4246425246579402,34.51022534842109
4271,35.76505077916682,0.7123212623289701,35.05272951683785
95482,35.998171929072065,0.7123212623289701,35.285850666743094
34405,217.0664610545716,181.6419218938874,35.42453916068419
68498,36.837284329540715,0.7123212623289701,36.124963067211745
106,39.22753039530493,2.8492850493158803,36.37824534598905
117444,37.133473514145514,0.7123212623289701,36.421152251816544
2538,38.346837906497875,1.4246425246579402,36.922195381839934
105509,38.17738039998897,0.7123212623289701,37.46505913766
69849,41.05986291153467,3.5616063116448506,37.49825659988982
80217,40.46481363704177,0.7123212623289701,39.7524923747128
6650,51.53689517447518,11.397140197263523,40.13975497721165
3090,58.581634535681836,17.808031558224254,40.773602977457585
64114,42.69931338958182,1.4246425246579402,41.27467086492388
99813,48.083912792168164,6.410891360960732,41.67302143120743
76111,42.65458368529172,0.7123212623289701,41.94226242296275
3750,44.191297368095924,0.7123212623289701,43.478976105766954
88889,45.7666697725554,0.7123212623289701,45.05434851022643
68157,319.97999089233514,274.2436859966528,45.73630489568234
52767,52.4725716922232,4.986248836302791,47.486322855920406
98124,52.614480539576945,4.273927573973821,48.34055296560312
5995,285.7397386531632,237.20298035554708,48.53675829761613
67744,49.643231574600996,0.7123212623289701,48.930910312272026
60336,49.94674625073247,0.7123212623289701,49.2344249884035
105246,51.2883640143744,0.7123212623289701,50.57604275204543
94503,51.90871229250257,0.7123212623289701,51.1963910301736
26712,54.35416801066264,2.8492850493158803,51.50488296134676
3038,60.996977138227436,8.547855147947642,52.44912199027979
665,78.09913646704427,25.643565443842927,52.455571023201344
84838,53.652252967831856,0.7123212623289701,52.939931705502886
25898,54.19936263884096,0.7123212623289701,53.48704137651199
4312,59.451503639291715,5.698570098631762,53.75293354065995
7483,55.15364469834991,0.7123212623289701,54.44132343602094
84847,61.11282072800649,5.698570098631762,55.41425062937473
32657,57.14032524591328,1.4246425246579402,55.71568272125534
79578,56.51944995330851,0.7123212623289701,55.80712869097954
27451,57.09599327158074,0.7123212623289701,56.38367200925177
129532,57.88467427898557,0.7123212623289701,57.1723530166566
1787,58.113012561514466,0.7123212623289701,57.400691299185496
27033,59.21039208891116,0.7123212623289701,58.49807082658219
104576,59.407341583965554,0.7123212623289701,58.695020321636584
84764,60.76242782578231,0.7123212623289701,60.05010656345334
30803,78.17974598518079,17.808031558224254,60.37171442695653
62213,64.43974473992058,0.7123212623289701,63.727423477591614
84716,67.03422373267158,2.8492850493158803,64.1849386833557
38159,67.60023159469056,1.4246425246579402,66.17558907003261
100089,68.07589523936024,0.7123212623289701,67.36357397703127
97648,68.78108028843535,0.7123212623289701,68.06875902610638
2936,86.41350816532423,17.808031558224254,68.60547660709997
67865,69.5395556547254,0.7123212623289701,68.82723439239643
8519,70.069920109044,0.7123212623289701,69.35759884671504
114028,71.31983657424992,1.4246425246579402,69.89519404959198
122495,71.94265990564205,0.7123212623289701,71.23033864331308
41627,72.64990940462302,0.7123212623289701,71.93758814229405
74653,72.68851879385885,0.7123212623289701,71.97619753152988
79507,74.34814565846646,0.7123212623289701,73.6358243961375
52108,74.6152342693861,0.7123212623289701,73.90291300705712
3801,98.84922712924157,24.218922919184987,74.63030421005658
86781,80.28884967581861,4.273927573973821,76.01492210184479
8477,87.91506984185352,11.397140197263523,76.51792964459
3095,149.2665208363935,72.65676875755496,76.60975207883855
49359,77.37041336012277,0.7123212623289701,76.6580920977938
93748,77.47414698704999,0.7123212623289701,76.76182572472102
109953,78.6688550047267,0.7123212623289701,77.95653374239772
26749,80.61136583995147,0.7123212623289701,79.8990445776225
1446,150.94838322788254,68.38284118358114,82.56554204430141
107885,84.43824562188013,0.7123212623289701,83.72592435955116
87413,84.48506323047576,0.7123212623289701,83.77274196814679
74649,86.43206115792279,0.7123212623289701,85.71973989559382
47404,87.25348409309552,0.7123212623289701,86.54116283076655
787,90.74774270054958,2.8492850493158803,87.8984576512337
94969,88.79814894370503,0.7123212623289701,88.08582768137606
93918,89.7219783449749,0.7123212623289701,89.00965708264593
78235,91.50551653789846,0.7123212623289701,90.79319527556949
8484,91.62414208338804,0.7123212623289701,90.91182082105907
114066,93.30291734005448,0.7123212623289701,92.59059607772551
65188,103.84579549937307,9.972497672605583,93.87329782676748
6866,98.43895899620277,1.4246425246579402,97.01431647154483
25975,101.36708780657013,1.4246425246579402,99.94244528191219
112903,104.1860804828466,0.7123212623289701,103.47375922051764
3338,105.64120605956957,1.4246425246579402,104.21656353491163
27646,105.97347472067554,1.4246425246579402,104.5488321960176
1200,733.4006366541395,626.8427108494791,106.55792580466039
47538,109.08891204500331,0.7123212623289701,108.37659078267434
81111,109.14671723183388,0.7123212623289701,108.4343959695049
33090,112.93470825202238,0.7123212623289701,112.2223869896934
1210,1779.8381342622222,1666.8317538497342,113.00638041248794
129013,115.37977338726363,0.7123212623289701,114.66745212493466
104386,116.26830095276809,0.7123212623289701,115.55597969043912
4144,160.07829399721146,44.16391826439615,115.9143757328153
103182,117.88680554071055,0.7123212623289701,117.17448427838158
116,162.86825181275375,45.58856078905409,117.27969102369966
50658,125.94127817174538,4.986248836302791,120.95502933544259
87834,125.30188286977682,0.7123212623289701,124.58956160744785
92498,127.75607302691552,0.7123212623289701,127.04375176458655
61206,129.3936608059522,0.7123212623289701,128.68133954362324
2632,130.1492319169723,0.7123212623289701,129.43691065464333
72104,133.18137026383698,0.7123212623289701,132.469049001508
107684,134.15030332399684,0.7123212623289701,133.43798206166787
62336,150.63502988624057,16.383389033566313,134.25164085267426
60393,137.67045115109414,0.7123212623289701,136.95812988876517
129428,138.52960123587778,1.4246425246579402,137.10495871121984
26325,138.83349363961435,0.7123212623289701,138.12117237728538
105563,141.63974806059676,0.7123212623289701,140.9274267982678
53883,146.4744185525706,1.4246425246579402,145.04977602791266
7409,148.09712964956222,0.7123212623289701,147.38480838723325
6026,156.76052247031106,0.7123212623289701,156.0482012079821
6935,161.3098651542235,2.8492850493158803,158.46058010490762
125543,160.37955607766253,0.7123212623289701,159.66723481533356
96020,167.5038266499707,0.7123212623289701,166.79150538764173
872,169.53805274591707,1.4246425246579402,168.11341022125913
5767,170.4117808327537,0.7123212623289701,169.69945957042472
103269,177.47528030032336,0.7123212623289701,176.7629590379944
1035,503.88595801382945,324.10617435967873,179.77978365415072
26480,181.5963921773586,0.7123212623289701,180.88407091502964
118762,185.23538212851437,1.4246425246579402,183.81073960385643
293,882.6869127334068,698.7871583447022,183.89975438870454
27320,188.35958304173528,1.4246425246579402,186.93494051707734
2804,518.816898246994,331.22938698296815,187.58751126402586
919,716.9821617767565,521.4191640247957,195.56299775196078
69483,197.3450366819833,0.7123212623289701,196.63271541965432
1211,272.9249402384594,74.79373254454187,198.13120769391753
4405,202.48741977777613,2.8492850493158803,199.63813472846024
1214,970.4852721551142,767.1699995282806,203.31527262683358
6611,209.2192038243535,4.273927573973821,204.9452762503797
54286,479.9950362267378,266.40815211103444,213.58688411570336
95748,217.1049081623573,0.7123212623289701,216.39258690002833
108983,218.87220399230836,1.4246425246579402,217.44756146765042
26094,220.61429914043978,2.8492850493158803,217.7650140911239
93420,219.19925675961497,0.7123212623289701,218.486935497286
86846,221.5662909969728,0.7123212623289701,220.85396973464384
7096,233.84472891225883,2.13696378698691,231.70776512527192
95311,245.86561447338485,3.5616063116448506,242.30400816174
27002,248.90195901778998,5.698570098631762,243.20338891915821
88282,254.34477666510614,0.7123212623289701,253.63245540277717
68954,515.4675966970342,257.86029696308714,257.60729973394706
68358,457.77128948777994,198.7376321897827,259.03365729799725
86668,264.56540796799953,0.7123212623289701,263.8530867056706
246,647.1862646543648,382.51651787065197,264.6697467837128
1273,313.4868719053949,44.87623952672512,268.6106323786698
27366,274.01479073933325,2.13696378698691,271.87782695234637
51455,277.2961145255847,0.7123212623289701,276.58379326325576
25750,285.60928624715365,5.698570098631762,279.9107161485219
71033,302.31179855831556,17.808031558224254,284.50376700009133
26326,291.21105034538664,6.410891360960732,284.80015898442593
2931,289.05403949892843,3.5616063116448506,285.4924331872836
213,336.1304362055256,49.862488363027914,286.2679478424977
75406,288.8696875886805,0.7123212623289701,288.15736632635156
36799,292.427875590354,0.7123212623289701,291.71555432802506
125077,296.05562468681904,0.7123212623289701,295.3433034244901
27729,298.1312760851867,1.4246425246579402,296.70663356052876
91844,302.3803414379462,0.7123212623289701,301.66802017561724
77177,304.257460780209,0.7123212623289701,303.54513951788005
27909,306.08860064276087,0.7123212623289701,305.3762793804319
50742,318.40259277645305,3.5616063116448506,314.8409864648082
7587,329.5838934053368,10.684818934934553,318.8990744704023
26347,324.79673006634647,2.8492850493158803,321.9474450170306
81845,488.9889711436161,158.13532023703138,330.8536509065847
954,468.4164920250436,137.47800362949124,330.9384883955524
8620,341.0708696948229,5.698570098631762,335.3722995961911
112006,338.7915454675909,2.13696378698691,336.654581680604
945,381.6855698468728,40.6023119527513,341.0832578941215
40697,350.78890675619243,0.7123212623289701,350.0765854938635
76093,495.0875665756339,135.34103984250433,359.7465267331296
602,364.89094803466253,3.5616063116448506,361.3293417230177
1199,672.0906630089811,295.61332386652106,376.47733914246004
47,1926.5622958827748,1527.2167864332616,399.3455094495132
101971,400.1964790651056,0.7123212623289701,399.4841578027767
48780,669.8449603390338,267.8327946356923,402.0121657033415
3224,415.2891266746009,12.821782721921464,402.4673439526794
93628,404.4597256305487,0.7123212623289701,403.74740436821975
1950,464.2813523618635,57.69802224864659,406.58333011321696
3035,457.5114679411976,45.58856078905409,411.9229071521435
60201,412.82746097793967,0.7123212623289701,412.1151397156107
33264,415.4984002095725,1.4246425246579402,414.07375768491454
111436,428.73948793981054,0.7123212623289701,428.0271666774816
89678,433.56953416607655,1.4246425246579402,432.1448916414186
106138,436.47966174189486,0.7123212623289701,435.7673404795659
8188,447.55361188958346,2.13696378698691,445.4166481025966
87511,450.05173076185906,0.7123212623289701,449.3394094995301
1046,492.12159414297383,34.19142059179057,457.93017355118326
3730,524.9218130937343,66.24587739659422,458.67593569714006
2843,494.7774045121544,35.61606311644851,459.1613413957059
6981,470.39497046950146,1.4246425246579402,468.9703279448435
947,503.1243355357606,31.34213554247469,471.78219999328593
800,686.7017009332109,210.1347723870462,476.56692854616466
70789,477.359356945227,0.7123212623289701,476.64703568289804
113240,483.4350479317367,0.7123212623289701,482.72272666940773
3677,509.7498388553994,24.218922919184987,485.5309159362144
87683,489.70842736436924,0.7123212623289701,488.9961061020403
1283,591.4082736234541,101.86194051304274,489.54633311041135
94752,494.50860422395607,0.7123212623289701,493.7962829616271
1218,546.6225522519759,49.150167100698944,497.47238515127697
8132,573.0006207707361,72.65676875755496,500.3438520131811
130374,501.65024803505406,0.7123212623289701,500.9379267727251
5224,504.9403078735669,2.8492850493158803,502.091022824251
102217,503.70652832623716,0.7123212623289701,502.9942070639082
92094,508.53093008247833,1.4246425246579402,507.1062875578204
1291,1263.9988011614619,750.074289232386,513.9245119290758
116797,544.925228293436,30.62981428014572,514.2954140132903
117310,529.411865996649,0.7123212623289701,528.69954473432
60309,536.4115805971686,0.7123212623289701,535.6992593348397
68175,538.9672256681861,0.7123212623289701,538.2549044058571
3578,1488.709842797299,940.2640662742135,548.4457765230854
101456,556.333111190925,0.7123212623289701,555.6207899285961
28,656.8111978111721,94.73872788975304,562.072469921419
108709,583.3220707421244,0.7123212623289701,582.6097494797955
7013,597.3052034518013,14.246425246579404,583.0587782052219
97673,593.8759820466294,2.13696378698691,591.7390182596424
2208,630.6244801809247,37.75302690343542,592.8714532774893
26644,610.0920017155506,0.7123212623289701,609.3796804532217
96829,634.2171059397963,15.671067771237345,618.546038168559
3949,980.1060459225519,358.29759495146794,621.8084509710839
7566,629.330005425969,6.410891360960732,622.9191140650083
27611,709.6829877292143,76.21837506919981,633.4646126600145
26073,642.5269117642737,1.4246425246579402,641.1022692396158
3275,828.6800762575755,187.34049199251916,641.3395842650564
1299,835.9629796806244,178.08031558224255,657.8826640983818
1244,868.935729986195,207.9978086000593,660.9379213861357
5498,681.2571416560444,3.5616063116448506,677.6955353443996
1206,1263.7506247703839,576.9802224864532,686.7704022839307
3147,1224.7470694241943,527.1177341234272,697.629335300767
5194,702.3615325863401,0.7123212623289701,701.6492113240112
7766,721.1240947186171,17.095710295895284,704.0283844227218
100003,704.8350322918851,0.7123212623289701,704.1227110295562
4806,716.0572755081337,2.13696378698691,713.9203117211467
4298,729.0881996974318,4.273927573973821,724.8142721234581
26003,729.7576796234265,2.13696378698691,727.6207158364396
96606,741.9671106630067,2.8492850493158803,739.1178256136908
120813,751.9522830470773,0.7123212623289701,751.2399617847484
33779,762.8584479665691,3.5616063116448506,759.2968416549243
69136,770.7993839567771,0.7123212623289701,770.0870626944482
95858,795.6529991500623,5.698570098631762,789.9544290514306
78986,791.0146477742331,0.7123212623289701,790.3023265119042
1219,1236.0326378681154,435.22829128299367,800.8043465851217
25987,805.3980989867586,0.7123212623289701,804.6857777244296
101292,806.6623149387872,0.7123212623289701,805.9499936764582
31658,947.355277180781,141.0396099411361,806.3156672396449
2132,871.8932611506523,63.39659234727835,808.496668803374
2726,842.0764321598929,27.78052923082984,814.295902929063
82,925.7328279089613,101.14961925071377,824.5832086582476
911,907.8024481919394,76.93069633152878,830.8717518604107
3415,861.9071212715213,10.684818934934553,851.2223023365867
89745,1029.3404215650767,149.58746508908374,879.752956475993
88125,986.9830676829838,91.17712157810818,895.8059461048756
3819,938.3952119096143,34.19142059179057,904.2037913178237
82143,907.3112704986004,2.13696378698691,905.1743067116134
910,1212.9675422214586,306.2981428014552,906.6693994200034
93322,908.1099648735342,0.7123212623289701,907.3976436112052
1272,1164.3473752678801,220.1072700596518,944.2401052082283
108979,958.6492819266098,2.13696378698691,956.5123181396228
110,3209.2358120422114,2243.8119763362397,965.4238357059717
42217,976.3130448766293,2.13696378698691,974.1760810896424
33247,979.8828297300347,0.7123212623289701,979.1705084677058
1236,1005.4521602989323,16.383389033566313,989.068771265366
78499,1141.766202371834,150.2997863514127,991.4664160204213
104069,996.8462212253727,2.8492850493158803,993.9969361760568
74282,1004.2662933929546,3.5616063116448506,1000.7046870813098
8656,1012.3067888864073,6.410891360960732,1005.8958975254466
2925,1013.5524432710532,6.410891360960732,1007.1415519100925
2330,1062.5044129165644,17.095710295895284,1045.4087026206691
7099,1127.8616267255431,72.65676875755496,1055.2048579679881
4011,1462.722752456237,406.735440789836,1055.987311666401
111878,1064.2786852782574,0.7123212623289701,1063.5663640159285
6511,1068.0541959441537,0.7123212623289701,1067.3418746818247
8335,1073.581374115123,0.7123212623289701,1072.869052852794
4778,1075.6276107712808,0.7123212623289701,1074.915289508952
7156,1163.5319204128386,51.999452150014825,1111.5324682628238
5690,1202.3069480102263,67.67051992125216,1134.636428088974
916,1295.7083800558146,154.57371392538653,1141.134666130428
6783,1152.1279355073152,9.260176410276612,1142.8677590970385
68153,1154.9524183178894,0.7123212623289701,1154.2400970555605
26674,1167.8098341632763,0.7123212623289701,1167.0975129009473
1251,1246.5776714689177,61.97194982262041,1184.6057216462973
26528,1211.159977919884,8.547855147947642,1202.6121227719366
214,1228.2219627762238,20.657316607540135,1207.5646461686836
8684,1216.2409582934174,0.7123212623289701,1215.5286370310885
128736,1221.0984309766175,0.7123212623289701,1220.3861097142885
106503,1234.6348316100891,1.4246425246579402,1233.2101890854312
6123,1275.1812283767733,2.13696378698691,1273.0442645897865
6896,1293.766393114741,3.5616063116448506,1290.204786803096
3077,1313.5424604584787,20.657316607540135,1292.8851438509384
66934,1388.0482336832124,94.02640662742407,1294.0218270557884
4432,1305.1880287674862,6.410891360960732,1298.7771374065255
1232,1374.595112310219,30.62981428014572,1343.9652980300734
128320,1360.1922881814035,0.7123212623289701,1359.4799669190745
3739,1375.4869797326407,4.986248836302791,1370.500730896338
1704,2079.5442958014623,692.3762669837417,1387.1680288177206
70186,1394.6757181991977,0.7123212623289701,1393.9633969368688
99114,1539.3104761545358,131.77943353085948,1407.5310426236763
8785,1417.6384813074799,0.7123212623289701,1416.926160045151
92475,1422.568486793898,0.7123212623289701,1421.856165531569
92954,1424.5909169548866,1.4246425246579402,1423.1662744302287
1132,1499.847399528398,59.12266477330453,1440.7247347550936
105943,1472.7581951851237,0.7123212623289701,1472.0458739227947
2762,2638.8916488004347,1134.0154496276857,1504.876199172749
6818,1560.1118939211196,2.8492850493158803,1557.2626088718039
3470,1581.0511744177925,17.808031558224254,1563.2431428595683
3469,1623.0979238194993,36.32838437877748,1586.769539440722
42783,1605.040616013884,0.7123212623289701,1604.328294751555
3000,1861.4158419613434,237.91530161787605,1623.5005403434673
26756,1639.90940906695,0.7123212623289701,1639.197087804621
99764,1648.4723000531708,1.4246425246579402,1647.047657528513
96935,1653.3030757503675,0.7123212623289701,1652.5907544880386
3629,1703.6703152978887,31.34213554247469,1672.328179755414
58425,1674.5825112356592,2.13696378698691,1672.4455474486724
1223,1927.707330527143,226.51816142061253,1701.1891691065305
112552,1715.8640370623755,12.109461459592493,1703.754575602783
1900,1718.9701466825004,13.534103984250434,1705.43604269825
1230,2155.715076489795,446.62543148025674,1709.0896450095383
2937,1803.948238226799,12.821782721921464,1791.1264555048776
109487,1909.9443666969125,59.8349860356335,1850.1093806612791
1228,2084.946820113772,205.8608448130724,1879.0859753006996
306,2125.3877752633002,242.90155045417885,1882.4862248091213
5782,2010.297680012032,102.57426177537171,1907.7234182366603
1276,2249.728937050496,302.7365364898105,1946.9924005606854
91529,2145.8121254233556,136.76568236716227,2009.0464430561933
58649,2015.2503643391174,0.7123212623289701,2014.5380430767884
26614,2132.729260478315,90.46480031577921,2042.264460162536
27773,2178.8638304275323,132.49175479318845,2046.372075634344
32853,2082.591291723948,2.8492850493158803,2079.742006674632
678,2135.38681003801,49.150167100698944,2086.236642937311
48045,2107.9123239893183,2.13696378698691,2105.7753602023313
104780,2136.774807267618,0.7123212623289701,2136.062486005289
115667,2147.219395682907,1.4246425246579402,2145.794753158249
608,3755.191704035107,1599.8735551908137,2155.3181488442933
1089,2866.021105392606,673.1435929008603,2192.8775124917456
101855,2218.2508431508845,0.7123212623289701,2217.5385218885554
93008,2250.0757133679176,0.7123212623289701,2249.3633921055884
60904,2259.9230523464494,2.8492850493158803,2257.0737672971336
34659,2264.055297520158,0.7123212623289701,2263.342976257829
942,2323.055229040143,51.287130887685855,2271.7680981524572
2028,3515.2336803832104,1166.069906432488,2349.1637739507223
26131,2427.0969376759685,24.931244181513957,2402.1656934944544
326,2513.586034496626,31.34213554247469,2482.243898954151
7700,2494.112860310612,11.397140197263523,2482.7157201133487
2357,2584.6253426192416,64.10891360960731,2520.516429009634
1361,2567.4953251930083,36.32838437877748,2531.1669408142307
969,2880.0957173755446,276.3806497836396,2603.715067591905
928,2698.55083834533,81.91694516783157,2616.633893177498
7396,2621.6512931010543,4.986248836302791,2616.6650442647515
120138,2731.2495823355384,0.7123212623289701,2730.5372610732093
8125,2737.5830086649075,6.410891360960732,2731.172117303947
7361,3457.316324531412,650.3493125063342,2806.967012025078
89347,2812.0863971356603,0.7123212623289701,2811.374075873331
593,5686.9881130138865,2823.6414838721835,2863.346629141703
86347,3183.230658485406,15.671067771237345,3167.5595907141687
3196,3219.5252370793532,48.437845838369974,3171.0873912409834
541,4014.69379528976,838.4021257611748,3176.2916695285853
7767,3191.0686040749742,9.972497672605583,3181.0961064023686
6643,3197.6833424683246,6.410891360960732,3191.272451107364
111,4007.9259068462748,760.0467869049912,3247.8791199412835
1237,3348.421471066959,84.05390895481848,3264.3675621121406
7669,3325.4856344212953,46.30088205138306,3279.184752369912
3468,3360.1423640924345,72.65676875755496,3287.4855953348797
96075,3325.667385619412,0.7123212623289701,3324.955064357083
26150,3355.1280817207808,12.821782721921464,3342.3062989988593
5147,3455.62702205025,22.081959132198076,3433.5450629180523
953,3888.8993888903906,346.18813349187593,3542.711255398515
1208,4196.498660283023,597.6375390939925,3598.8611211890307
2066,3610.6029975469555,10.684818934934553,3599.918178612021
48516,4008.105689511931,403.1738344781913,3604.93185503374
2859,3692.650194577427,40.6023119527513,3652.047882624676
86345,3699.7622335515453,23.506601656856017,3676.255631894689
899,3988.1092068239786,293.47636007953423,3694.6328467444446
1267,3947.0266267765164,194.46370461580887,3752.562922160708
1250,4107.696573180657,342.6265271802312,3765.0700460004255
6985,3790.524847315479,14.958746508908375,3775.5661008065704
1189,3893.2629227528264,45.58856078905409,3847.6743619637723
108527,3866.938853524449,0.7123212623289701,3866.2265322621197
1939,3929.4167570811805,25.643565443842927,3903.7731916373377
6918,3912.1410987182385,1.4246425246579402,3910.7164561935806
43567,3935.92008880741,0.7123212623289701,3935.207767545081
3429,4145.724844376091,46.30088205138306,4099.423962324708
86377,4248.944886459574,22.794280394527046,4226.150606065047
1201,4595.509447579044,287.06546871857375,4308.44397886047
92535,4331.915024985183,22.081959132198076,4309.833065852985
296,7535.807417865413,3067.9676768510885,4467.839741014324
1256,4607.05815881316,125.36854216989876,4481.689616643262
1224,4662.702656844014,96.16337041441098,4566.539286429604
108583,4672.585332785733,4.986248836302791,4667.599083949431
2858,6286.940330429039,1602.0105189778005,4684.9298114512385
5952,6044.271863328784,1171.0561552687907,4873.215708059994
104636,5038.037655011347,0.7123212623289701,5037.325333749018
2905,5077.213537720918,15.671067771237345,5061.542469949681
7926,5085.150323560776,4.986248836302791,5080.164074724474
1233,5602.841782491226,406.735440789836,5196.10634170139
903,5569.957802388672,371.83169893571784,5198.126103452953
2935,5377.926594800505,23.506601656856017,5354.419993143649
1209,5473.8700619457895,81.2046239055026,5392.665438040287
923,5986.8025573267705,482.24149459670383,5504.561062730067
7327,5533.635374031812,22.794280394527046,5510.841093637285
26082,5619.442152529092,6.410891360960732,5613.031261168131
93988,5680.443398578775,2.8492850493158803,5677.594113529459
1949,5746.539046591014,30.62981428014572,5715.909232310868
3226,5799.769838422177,1.4246425246579402,5798.345195897518
1262,6383.423218001036,248.6001205528106,6134.823097448225
4993,7417.36953142198,1271.4934532571715,6145.876078164809
1136,7097.144836321847,871.8812250906351,6225.263611231212
2571,8033.469141533956,1804.30975747922,6229.159384054736
2329,7180.739350292649,707.3350134926495,6473.404336799999
1280,6633.0594776783755,72.65676875755496,6560.40270892082
260,8844.085247601468,2154.7718185450935,6689.313429056374
1197,7741.6582746470485,975.8801293906606,6765.778145256388
2360,6856.944802591124,45.58856078905409,6811.35624180207
1131,6950.715131359302,76.21837506919981,6874.496756290102
951,7052.123107813492,74.79373254454187,6977.329375268951
4226,7937.591782330015,926.0176410276347,7011.574141302381
3462,7140.74452802303,77.64301759385775,7063.101510429173
5971,7274.666784870701,146.02585877743888,7128.640926093262
720,7419.712169750762,278.51761357062645,7141.194556180136
1196,8566.326864861048,1406.8344930996705,7159.492371761378
3089,7271.577914465484,71.94444749522599,7199.633466970258
5008,7250.828635691287,33.4790993294616,7217.349536361825
2920,7345.939004029293,20.657316607540135,7325.281687421752
2731,7518.496330109058,63.39659234727835,7455.09973776178
2186,7625.604867784027,114.6837232349642,7510.921144549063
7153,8975.75068407064,1061.3586808701336,7914.392003200505
1254,8043.265166103221,104.71122556235862,7938.553940540863
1213,8704.868541172254,718.7321536899126,7986.136387482342
1147,8132.3281948803,86.90319400413436,8045.4250008761655
2203,8155.886706308279,39.17766942809336,8116.7090368801855
1204,8573.662364153293,375.39330524736255,8198.269058905931
1172,8731.853229688493,258.5726182254161,8473.280611463077
1945,8663.605232162627,109.69747439866141,8553.907757763965
2351,8700.309704755877,24.218922919184987,8676.090781836692
92259,8792.219076968773,96.16337041441098,8696.055706554362
79132,9520.673345456731,524.2684490741115,8996.404896382619
1234,9377.220710697018,369.694735148731,9007.525975548288
905,9484.556349954268,73.36909001988393,9411.187259934384
898,9707.211701611517,190.18977704183504,9517.021924569683
6669,9618.661415162083,21.369637869869106,9597.291777292214
1198,11230.002585757062,1364.8075386222629,9865.1950471348
3134,10153.64795648037,24.218922919184987,10129.429033561186
745,10495.6393959071,357.585273689139,10138.05412221796
668,10177.88852113002,12.821782721921464,10165.066738408099
913,10582.526483195225,366.84545009941525,10215.681033095809
1217,10293.3811426951,77.64301759385775,10215.738125101241
4973,11140.480041569932,836.265161974188,10304.214879595744
3022,10695.449828602736,39.17766942809336,10656.272159174643
670,10880.869733151736,21.369637869869106,10859.500095281866
950,10985.52571608795,65.53355613426525,10919.992159953685
2959,12413.231889555998,1459.5462665120122,10953.685623043986
5291,11035.052542198713,76.93069633152878,10958.121845867185
1248,11089.045466250927,92.60176410276613,10996.44370214816
1252,11444.301314675213,401.03687069120446,11043.264443984008
2324,11709.742606313132,533.5286254843877,11176.213980828743
1148,11746.866990149489,434.5159700206647,11312.351020128825
1207,11894.564874604575,381.804196608323,11512.760677996252
3307,12125.438439204901,61.25962856029144,12064.17881064461
5618,12485.6431833312,381.0918753459941,12104.551307985206
930,12654.283656955062,103.99890430002965,12550.284752655032
1260,12910.517204788903,85.47855147947642,12825.038653309426
94466,13114.277833864457,11.397140197263523,13102.880693667194
1284,13594.062129129428,149.58746508908374,13444.474664040345
93040,13733.482242344398,4.986248836302791,13728.495993508095
926,14036.322421506386,99.01265546372686,13937.30976604266
1193,14963.909489344764,937.4147812248978,14026.494708119866
58559,14952.812031935793,862.6210486803589,14090.190983255434
1203,14672.387717600306,369.694735148731,14302.692982451576
908,15232.034895456613,440.9268613816252,14791.108034074987
26587,15156.338396077928,6.410891360960732,15149.927504716967
3030,15358.10883696448,86.90319400413436,15271.205642960345
100553,15349.66441801032,0.7123212623289701,15348.952096747991
3435,15971.689069236805,115.39604449729318,15856.293024739512
6016,16597.17663232925,452.32400157888827,16144.852630750362
750,16988.165335151487,632.5412809481106,16355.624054203376
1178,17550.27748600644,74.79373254454187,17475.483753461896
912,18516.89504553356,785.6903523488331,17731.20469318473
44555,18780.351110008676,184.49120694320328,18595.859903065473
1212,19540.282462028936,141.0396099411361,19399.2428520878
1221,20411.68361449249,922.45603471599,19489.2275797765
77658,19657.81516650919,39.88999069042233,19617.925175818767
527,22266.191337892767,2112.7448640676726,20153.446473825094
904,21116.515799430235,451.61168031655933,20664.904119113675
922,22122.596101993488,176.6556730575846,21945.940428935904
50,24076.968216433183,1827.816359136075,22249.151857297107
2019,24709.185173082093,282.07921988227116,24427.10595319982
7502,26069.622914692347,183.06656441854534,25886.5563502738
113315,27535.961531539964,0.7123212623289701,27535.249210277634
858,34086.406292159416,1594.1749850921822,32492.231307067235
318,35744.84940308014,3065.118391801772,32679.731011278367
