item,weight_vector,weight,difference
356,1.4134888366546214,2975.3659127482965,-2973.9524239116417
110,6.067617494072799,2243.8119763362397,-2237.744358842167
1210,0.3159575517510489,1666.8317538497342,-1666.5157962979831
47,15.007686897317965,1527.2167864332616,-1512.2090995359438
2028,27.5369188667401,1166.069906432488,-1138.532987565748
2762,9.028145242015883,1134.0154496276857,-1124.9873043856699
17,0.16666666666666666,963.7706679310686,-963.604001264402
1214,3.7283080884763087,767.1699995282806,-763.4416914398043
1291,0.1515171524096389,750.074289232386,-749.9227720799764
1704,2.234705867341644,692.3762669837417,-690.1415611164001
293,22.0371736499072,698.7871583447022,-676.749984694795
778,0.15084420062289414,666.7327015398998,-666.5818573392769
1617,168.16794255763884,750.786610494715,-582.6186679370761
58,0.3225564868880733,533.5286254843877,-533.2060689974996
1258,0.15221034671324338,521.4191640247957,-521.2669536780825
919,0.1572932473495469,521.4191640247957,-521.2618707774461
1080,0.15329048865267808,498.6248836302695,-498.47159314161684
4878,0.9208163904423875,465.85810556313817,-464.9372891726958
1222,2.059143771032818,465.85810556313817,-463.79896179210533
1225,75.94152373678162,538.5148743206903,-462.5733505839087
1304,11.98729217405885,425.9681148727174,-413.9808226986586
2692,1.274648529911652,403.8861557405202,-402.6115072106086
4011,15.805496150510507,406.735440789836,-390.92994463932547
1358,1.4106196915903901,383.94116039530985,-382.53054070371945
1219,65.95670506092338,435.22829128299367,-369.27158622207025
1288,2.5173969988665417,369.694735148731,-367.17733814986445
246,18.01289041568778,382.51651787065197,-364.5036274549642
3949,5.648584330130311,358.29759495146794,-352.64901062133765
1247,55.32848104434326,403.1738344781913,-347.845353433848
1278,0.16005307325482135,329.0924231959813,-328.9323701227265
2804,6.17264252934984,331.22938698296815,-325.0567444536183
953,30.024833486884194,346.18813349187593,-316.16330000499175
1242,0.3023761511628538,314.13367668707355,-313.8313005359107
60069,17.475152379066824,327.66778067132344,-310.19262829225664
1199,1.2605752706816689,295.61332386652106,-294.3527485958394
68157,3.8881158947794168,274.2436859966528,-270.3555701018734
1293,0.3119254475682741,267.8327946356923,-267.52086918812404
48780,18.41067274969773,267.8327946356923,-249.42212188599458
48394,10.623528818620624,255.01101191377134,-244.3874830951507
68954,17.10977937745789,257.86029696308714,-240.75051758562924
1230,215.28024805359465,446.62543148025674,-231.3451834266621
1089,457.8843197970038,673.1435929008603,-215.25927310385651
307,0.3079549407517104,212.9840574363621,-212.6761024956104
5995,27.349248350305714,237.20298035554708,-209.85373200524137
1272,12.14808032779445,220.1072700596518,-207.95918973185735
68358,0.15117821092177644,198.7376321897827,-198.5864539788609
1235,0.15520856277015513,197.31298966512475,-197.1577811023546
30749,13.651974793464573,207.28548733773033,-193.63351254426576
3275,0.15817959093978226,187.34049199251916,-187.18231240157937
34405,1.275408962274459,181.6419218938874,-180.36651293161293
232,16.338139885595325,196.60066840279578,-180.26252851720045
162,0.7746999604495657,179.5049581069005,-178.73025814645092
1175,0.4561110640468984,178.08031558224255,-177.62420451819565
1269,30.20510124648653,183.7788856808743,-153.5737844343878
81845,6.236903414727843,158.13532023703138,-151.89841682230355
1292,0.15602106502222501,149.58746508908374,-149.4314440240615
89745,0.3094266454606003,149.58746508908374,-149.27803844362313
78499,2.1618768300620292,150.2997863514127,-148.13790952135068
91529,1.432535122328042,136.76568236716227,-135.33314724483424
76093,1.2412870885626623,135.34103984250433,-134.09975275394166
954,4.014040387818465,137.47800362949124,-133.4639632416728
1537,0.15863495891559604,131.77943353085948,-131.62079857194388
64614,0.15329048865267808,128.9301484815436,-128.7768579928909
994,3.800599174873405,131.77943353085948,-127.97883435598607
1041,65.18032312186955,179.5049581069005,-114.32463498503094
1245,0.3093626566449037,113.97140197263523,-113.66203931599033
290,1.260332349738554,114.6837232349642,-113.42339088522566
2788,0.9217254165972928,110.40979566099038,-109.48807024439309
99114,22.815961546049703,131.77943353085948,-108.96347198480977
2010,0.15117821092177644,106.84818934934553,-106.69701113842376
909,4.793788784601279,109.69747439866141,-104.90368561406014
4235,1.8602996053244536,106.13586808701656,-104.2755684816921
3083,1.384919217508413,103.99890430002965,-102.61398508252124
82,1.581740521203699,101.14961925071377,-99.56787872951007
1086,13.873643346051999,113.25908071030626,-99.38543736425427
3504,1.1011423575200967,100.4372979883848,-99.3361556308647
68237,6.355728948224073,102.57426177537171,-96.21853282714764
1244,113.6816928006541,207.9978086000593,-94.3161157994052
933,3.9430741353187626,95.451049152082,-91.50797501676324
3683,3.4168333052404845,91.17712157810818,-87.7602882728677
1223,140.82120842034024,226.51816142061253,-85.69695300027229
6787,9.342733482568198,83.34158769248951,-73.99885420992132
1211,2.4827848598874938,74.79373254454187,-72.31094768465438
8132,0.4658199890708471,72.65676875755496,-72.1909487684841
1300,8.65530941940739,79.77998138084466,-71.12467196143727
3088,2.4979359647135992,73.36909001988393,-70.87115405517032
26614,19.630055691218637,90.46480031577921,-70.83474462456059
965,0.4695104081947068,70.51980497056805,-70.05029456237334
31410,4.71137360594255,71.94444749522599,-67.23307388928343
3037,0.459540057320185,66.9581986589232,-66.49865860160301
5878,0.46164779649313636,66.9581986589232,-66.49655086243006
1446,2.6696613851954636,68.38284118358114,-65.71317979838567
1719,0.3178168750417893,64.82123487193628,-64.5034179968945
27611,13.479187847737508,76.21837506919981,-62.7391872214623
109374,1.7348181241986933,63.39659234727835,-61.661774223079654
6331,0.8071233129442528,57.69802224864659,-56.89089893570233
2973,2.9604727640346185,59.8349860356335,-56.87451327159888
61240,2.1876070227850244,58.41034351097556,-56.222736488190534
94959,1.1299384022401167,56.98570098631762,-55.8557625840775
55442,0.16155546744299637,55.56105846165968,-55.39950299421668
26662,0.15117821092177644,52.711773412343796,-52.56059520142202
6867,0.15442266280111014,51.287130887685855,-51.132708224884745
1303,14.836498513083402,65.53355613426525,-50.697057621181855
581,1.4159267671284332,50.574809625356885,-49.15888285822845
6104,0.1505149978319906,47.725524576041,-47.57500957820901
3359,3.940648158879513,51.287130887685855,-47.34648272880634
109487,13.767204782162505,59.8349860356335,-46.067781253471
3334,1.85005100855553,47.725524576041,-45.87547356748547
599,0.15084420062289414,44.87623952672512,-44.72539532610223
2070,0.15442266280111014,44.16391826439615,-44.00949560159504
53123,0.1605440854340214,43.45159700206718,-43.29105291663316
3265,0.460828824278534,43.45159700206718,-42.990768177788645
112556,0.3085859356233843,42.73927573973821,-42.43068980411483
97,0.9269788244205873,41.31463321508027,-40.387654390659684
1264,7.903831246382922,47.725524576041,-39.82169332965808
4144,4.416256553407141,44.16391826439615,-39.74766171098901
7669,7.083757924723584,46.30088205138306,-39.21712412665948
1251,25.43713084677321,61.97194982262041,-36.5348189758472
3152,0.15329048865267808,35.61606311644851,-35.46277262779583
1273,9.492573771305835,44.87623952672512,-35.38366575541929
55908,0.15117821092177644,33.4790993294616,-33.32792111853982
1046,1.2965465616843774,34.19142059179057,-32.89487403010619
4967,0.15117821092177644,32.76677806713263,-32.61559985621085
955,52.929796277668295,85.47855147947642,-32.54875520180813
1066,1.439321908487395,32.76677806713263,-31.327456158645234
7981,0.6306960040221528,30.62981428014572,-29.999118276123568
3097,0.7668815876715833,30.62981428014572,-29.862932692474136
116797,1.3039850754790685,30.62981428014572,-29.32582920466665
8014,7.090033512014477,36.32838437877748,-29.238350866763
4037,0.15186115333086322,29.20517175548778,-29.053310602156916
27803,0.15403922195426356,29.20517175548778,-29.051132533533515
4914,0.6190927418536945,29.20517175548778,-28.586079013634084
2132,34.92378250253773,63.39659234727835,-28.472809844740617
2732,0.3084618847553737,28.49285049315881,-28.184388608403435
77455,0.1686130986895011,26.355886706171898,-26.187273607482396
1232,5.3419176351505095,30.62981428014572,-25.28789664499521
556,0.32096206510003833,24.218922919184987,-23.89796085408495
71899,1.1017843849298454,24.931244181513957,-23.82945979658411
2843,11.88334323813649,35.61606311644851,-23.732719878312018
213,26.190800973586775,49.862488363027914,-23.67168738944114
3814,0.1515171524096389,23.506601656856017,-23.355084504446378
59387,0.15186115333086322,23.506601656856017,-23.354740503525154
3741,14.320856656401755,36.32838437877748,-22.007527722375723
3811,13.412771533150595,34.90374185411954,-21.49097032096894
7063,0.6347566802751682,22.081959132198076,-21.44720245192291
2624,0.32784426424419555,20.657316607540135,-20.32947234329594
906,9.773234574697529,29.91749301781675,-20.14425844311922
65514,0.6595729051715329,20.657316607540135,-19.997743702368602
936,1.7041053773954502,20.657316607540135,-18.953211230144685
5319,0.1572932473495469,17.808031558224254,-17.650738310874708
27815,0.3163591818795645,17.808031558224254,-17.491672376344688
5385,0.6222685817322113,17.808031558224254,-17.185762976492043
58303,0.16005307325482135,16.383389033566313,-16.22333596031149
7116,1.0664360567635511,17.095710295895284,-16.029274239131734
1809,0.1605440854340214,15.671067771237345,-15.510523685803324
4187,0.16104477175644444,15.671067771237345,-15.510022999480901
6235,0.16485085672216038,15.671067771237345,-15.506216914515184
55721,0.15773243839286438,14.958746508908375,-14.80101407051551
30803,4.063911237139999,17.808031558224254,-13.744120321084255
80906,2.732728413036822,16.383389033566313,-13.650660620529491
927,0.16207652439312228,13.534103984250434,-13.372027459857312
66371,0.6505957185683717,13.534103984250434,-12.883508265682062
363,1.3819932205019816,14.246425246579404,-12.864432026077424
26729,1.0955891450671678,13.534103984250434,-12.438514839183267
62336,4.017864926275226,16.383389033566313,-12.365524107291087
89774,0.4712013921297179,12.821782721921464,-12.350581329791746
74324,0.484229205281395,12.821782721921464,-12.33755351664007
85342,0.156861774859441,12.109461459592493,-11.952599684733052
3789,1.9155731515043817,13.534103984250434,-11.618530832746053
38304,0.7760334804737113,11.397140197263523,-10.621106716789813
8477,0.794607509442936,11.397140197263523,-10.602532687820586
2609,0.15366188628986424,10.684818934934553,-10.531157048644689
3224,2.5410273645587496,12.821782721921464,-10.280755357362715
4783,0.48250987189281525,10.684818934934553,-10.202309063041737
4928,1.2602455257213896,11.397140197263523,-10.136894671542134
96488,0.3093626566449037,9.972497672605583,-9.663135015960679
3415,1.0936966144464295,10.684818934934553,-9.591122320488124
26903,0.48798487207198193,9.972497672605583,-9.4845128005336
5017,0.7731982376743726,9.972497672605583,-9.19929943493121
37240,0.15909880786929415,9.260176410276612,-9.101077602407319
27741,0.1686130986895011,9.260176410276612,-9.09156331158711
8580,0.3045542197862542,9.260176410276612,-8.955622190490358
1900,4.713690535734109,13.534103984250434,-8.820413448516325
89759,0.4892864781623566,9.260176410276612,-8.770889932114256
31364,0.6710302685664884,9.260176410276612,-8.589146141710124
65188,1.4276300380336966,9.972497672605583,-8.544867634571887
4920,0.15442266280111014,8.547855147947642,-8.393432485146532
26528,0.665104568227501,8.547855147947642,-7.882750579720141
93721,0.30753821743186394,7.8355338856186725,-7.527995668186809
3989,0.7998525958439242,7.8355338856186725,-7.0356812897747485
5603,0.15117821092177644,7.123212623289702,-6.972034412367925
7762,0.15221034671324338,7.123212623289702,-6.971002276576459
27727,0.49059072102826434,7.123212623289702,-6.632621902261437
5475,0.7744525753952645,7.123212623289702,-6.348760047894437
26326,0.1631512196835108,6.410891360960732,-6.247740141277221
7505,0.3259158424338753,6.410891360960732,-6.084975518526857
3634,5.677482525166046,11.397140197263523,-5.719657672097477
8128,0.15084420062289414,5.698570098631762,-5.547725898008867
8620,0.15117821092177644,5.698570098631762,-5.547391887709985
84847,0.15329048865267808,5.698570098631762,-5.545279609979083
8491,0.9504958461100181,6.410891360960732,-5.460395514850713
95858,0.795967780325215,5.698570098631762,-4.902602318306546
50658,0.15329048865267808,4.986248836302791,-4.832958347650113
7215,8.799266305304513,13.534103984250434,-4.734837678945921
5121,0.30985811795070617,4.986248836302791,-4.676390718352085
3739,0.3215514802866143,4.986248836302791,-4.664697356016177
6985,10.64422458389383,14.958746508908375,-4.314521925014544
32460,0.15186115333086322,4.273927573973821,-4.122066420642958
5056,0.30678960232427044,4.273927573973821,-3.9671379716495503
26578,0.3136106376242017,4.273927573973821,-3.9603169363496193
5304,0.4642915422742584,4.273927573973821,-3.8096360316995623
32892,0.481204620914614,4.273927573973821,-3.792722953059207
85774,9.399526601786429,12.821782721921464,-3.422256120135035
5825,0.31627052604637496,3.5616063116448506,-3.245335785598476
7043,0.46791003740156356,3.5616063116448506,-3.093696274243287
28,91.66228029225348,94.73872788975304,-3.076447597499552
36363,2.722948256445778,5.698570098631762,-2.9756218421859835
7234,8.489929081593168,11.397140197263523,-2.9072111156703553
3983,49.19956329178346,51.999452150014825,-2.7998888582313626
6935,0.1515171524096389,2.8492850493158803,-2.6977678969062415
7941,0.9519359883308375,3.5616063116448506,-2.6096703233140133
100556,0.31521735373286064,2.8492850493158803,-2.53406769558302
95311,1.1410159824050825,3.5616063116448506,-2.420590329239768
86781,2.2632570409352373,4.273927573973821,-2.0106705330385837
42217,0.15221034671324338,2.13696378698691,-1.9847534402736666
82143,0.15366188628986424,2.13696378698691,-1.9833019006970458
6123,0.156861774859441,2.13696378698691,-1.980102012127469
5932,0.15773243839286438,2.13696378698691,-1.9792313485940456
8516,1.2367424333438755,2.8492850493158803,-1.6125426159720049
26712,1.3868671459278064,2.8492850493158803,-1.462417903388074
8188,0.7641013156559148,2.13696378698691,-1.3728624713309951
3338,0.1515171524096389,1.4246425246579402,-1.2731253722483014
5022,0.15186115333086322,1.4246425246579402,-1.272781371327077
27002,4.431492419468388,5.698570098631762,-1.267077679163374
6981,0.16604764621593782,1.4246425246579402,-1.2585948784420022
32657,0.16794877895704194,1.4246425246579402,-1.2566937457008982
26003,1.241313846854477,2.13696378698691,-0.8956499401324329
2931,2.6749449843851245,3.5616063116448506,-0.8866613272597261
3226,0.7785288178150283,1.4246425246579402,-0.6461137068429119
111778,0.15084420062289414,0.7123212623289701,-0.5614770617060759
70186,0.15643778834207153,0.7123212623289701,-0.5558834739868985
7939,1.5869842857539889,2.13696378698691,-0.5499795012329212
8785,0.1631512196835108,0.7123212623289701,-0.5491700426454593
602,3.027181128845003,3.5616063116448506,-0.5344251827998479
96020,0.3056565833586623,0.7123212623289701,-0.4066646789703078
93420,0.306725715179794,0.7123212623289701,-0.40559554714917606
89347,0.3121551011939745,0.7123212623289701,-0.4001661611349956
111130,0.3364674837561484,0.7123212623289701,-0.3758537785728217
89678,1.1025999520613528,1.4246425246579402,-0.3220425725965874
108527,0.4639623394833548,0.7123212623289701,-0.24835892284561528
31658,140.91656025549298,141.0396099411361,-0.12304968564311025
53883,1.3062969703821499,1.4246425246579402,-0.1183455542757903
102217,0.6331316074016555,0.7123212623289701,-0.07918965492731456
8684,0.7731164807716213,0.7123212623289701,0.06079521844265123
7096,2.2600074393551193,2.13696378698691,0.12304365236820924
7566,6.608035039415943,6.410891360960732,0.19714367845521075
96606,3.370466975878548,2.8492850493158803,0.5211819265626678
3035,46.25593198954557,45.58856078905409,0.6673712004914805
7256,44.13554467636659,43.45159700206718,0.6839476742994108
26756,1.901117473038792,0.7123212623289701,1.188796210709822
69136,1.9715772926603448,0.7123212623289701,1.2592560303313747
7767,12.25303459941484,9.972497672605583,2.2805369268092583
25987,3.0169048710793214,0.7123212623289701,2.3045836087503515
48045,6.627864185316026,2.13696378698691,4.490900398329116
38159,6.309787979929328,1.4246425246579402,4.885145455271388
7132,24.2236796488369,19.232674082882195,4.991005565954705
6896,8.556623937323938,3.5616063116448506,4.995017625679087
32853,8.323192765491012,2.8492850493158803,5.473907716175131
4427,36.78016903946723,29.91749301781675,6.862676021650483
7938,9.497354088458376,2.13696378698691,7.360390301471466
800,217.8493518060662,210.1347723870462,7.714579419019998
6918,9.758758596239053,1.4246425246579402,8.334116071581112
33779,12.634318944594455,3.5616063116448506,9.072712632949603
8125,16.282007601955826,6.410891360960732,9.871116240995093
6818,15.214981197785859,2.8492850493158803,12.36569614846998
93988,16.583298537723717,2.8492850493158803,13.734013488407836
7820,15.949259313326138,2.13696378698691,13.812295526339227
58425,19.19608801024365,2.13696378698691,17.059124223256738
1236,34.656623738066564,16.383389033566313,18.27323470450025
108979,20.91353571040034,2.13696378698691,18.776571923413428
104069,25.425220055469794,2.8492850493158803,22.575935006153912
60904,26.189968901292637,2.8492850493158803,23.340683851976756
71033,41.261663954019774,17.808031558224254,23.45363239579552
214,44.74505749637339,20.657316607540135,24.087740888833256
2936,42.5006304916223,17.808031558224254,24.69259893339805
8228,73.35973463387604,47.725524576041,25.63421005783504
3038,35.83649989651055,8.547855147947642,27.28864474856291
3091,53.05531948095319,24.218922919184987,28.8363965617682
3677,55.46223375492441,24.218922919184987,31.243310835739425
945,71.9618614509018,40.6023119527513,31.359549498150493
8656,39.99804894284862,6.410891360960732,33.58715758188789
96075,35.75661912084147,0.7123212623289701,35.0442978585125
5498,39.00926413727482,3.5616063116448506,35.44765782562997
6643,43.219409355304315,6.410891360960732,36.80851799434358
6350,117.91266442357252,80.49230264317363,37.42036178039889
2925,54.859974930859735,6.410891360960732,48.449083569899
1281,117.46893875921315,67.67051992125216,49.79841883796098
3801,75.65302461397276,24.218922919184987,51.43410169478777
96829,68.77774017029805,15.671067771237345,53.1066723990607
910,360.2886521746163,306.2981428014552,53.9905093731611
899,348.71788145758944,293.47636007953423,55.24152137805521
6783,64.87107769666297,9.260176410276612,55.61090128638635
26674,67.35612482575084,0.7123212623289701,66.64380356342187
911,154.42170575153787,76.93069633152878,77.49100942000909
7013,103.38942943671421,14.246425246579404,89.1430041901348
92535,112.30120890141256,22.081959132198076,90.21924976921449
7766,111.59815025717772,17.095710295895284,94.50243996128243
1218,146.07103746753353,49.150167100698944,96.92087036683458
1283,199.3478714880802,101.86194051304274,97.48593097503745
104636,98.88876520465196,0.7123212623289701,98.17644394232299
7587,110.08455472996317,10.684818934934553,99.39973579502862
66934,204.3234239465704,94.02640662742407,110.29701731914632
947,159.07377906331868,31.34213554247469,127.73164352084399
3090,154.43270169007093,17.808031558224254,136.62467013184667
26082,145.29649253817047,6.410891360960732,138.88560117720974
6650,153.893964519714,11.397140197263523,142.49682432245046
1950,203.7701866807177,57.69802224864659,146.0721644320711
26131,203.1740456668854,24.931244181513957,178.24280148537144
1228,397.43880252177445,205.8608448130724,191.57795770870206
86345,227.06601208252897,23.506601656856017,203.55941042567295
3077,242.46730236150466,20.657316607540135,221.80998575396453
3470,314.11207989530766,17.808031558224254,296.30404833708343
112552,328.3716269084671,12.109461459592493,316.2621654488746
4432,326.96777818954763,6.410891360960732,320.5568868285869
26150,355.4405696455409,12.821782721921464,342.61878692361944
916,512.8348210655694,154.57371392538653,358.26110714018284
86347,447.95188153971463,15.671067771237345,432.2808137684773
326,478.39875479757023,31.34213554247469,447.05661925509554
4298,503.850863221138,4.273927573973821,499.5769356471642
7396,533.0744246252407,4.986248836302791,528.0881757889379
1132,592.7939198505899,59.12266477330453,533.6712550772853
7700,597.2820069897822,11.397140197263523,585.8848667925187
3819,637.2970768652334,34.19142059179057,603.1056562734428
2330,634.5908510849756,17.095710295895284,617.4951407890803
1361,718.8330550626875,36.32838437877748,682.50467068391
86377,712.8233002056397,22.794280394527046,690.0290198111127
2208,910.2329863216422,37.75302690343542,872.4799594182068
3730,973.3593953327446,66.24587739659422,907.1135179361504
2937,931.2332401367056,12.821782721921464,918.4114574147842
306,1230.4048618668432,242.90155045417885,987.5033114126644
3629,1028.6929371968224,31.34213554247469,997.3508016543477
1299,1236.7924673398038,178.08031558224255,1058.7121517575613
5952,2265.977233763482,1171.0561552687907,1094.9210784946915
5690,1262.056490869889,67.67051992125216,1194.385970948637
27773,1354.247670168082,132.49175479318845,1221.7559153748937
3469,1306.656837544293,36.32838437877748,1270.3284531655156
3000,1805.5105993986342,237.91530161787605,1567.595297780758
7099,1780.3046816383817,72.65676875755496,1707.6479128808267
678,1844.718285099703,49.150167100698944,1795.568117999004
7361,2542.1602887453873,650.3493125063342,1891.8109762390532
2726,2220.3762141862544,27.78052923082984,2192.5956849554245
969,2581.9213942697093,276.3806497836396,2305.54074448607
1208,2928.168415137675,597.6375390939925,2330.5308760436824
7926,2352.0125716721373,4.986248836302791,2347.0263228358344
5782,2712.714308662125,102.57426177537171,2610.140046886753
2357,2893.916905272266,64.10891360960731,2829.8079916626584
1237,2928.9676753728513,84.05390895481848,2844.913766418033
7156,3218.6081444441224,51.999452150014825,3166.6086922941076
608,4793.846367704246,1599.8735551908137,3193.9728125134325
3196,3942.27574539485,48.437845838369974,3893.8378995564804
48516,4338.5122990551345,403.1738344781913,3935.3384645769434
5147,4156.565296224887,22.081959132198076,4134.483337092689
111,5127.661276764487,760.0467869049912,4367.614489859496
93040,4552.433494123016,4.986248836302791,4547.447245286714
1276,5147.513725228046,302.7365364898105,4844.777188738235
1250,5516.025580935782,342.6265271802312,5173.399053755551
7327,5736.527176971111,22.794280394527046,5713.732896576584
720,6518.115444091226,278.51761357062645,6239.5978305206
942,7335.259672119603,51.287130887685855,7283.972541231918
100553,9726.03687352503,0.7123212623289701,9725.324552262702
1939,10432.196569186397,25.643565443842927,10406.553003742554
296,13918.285245838893,3067.9676768510885,10850.317568987804
928,11278.621932323955,81.91694516783157,11196.704987156123
593,14836.74335366311,2823.6414838721835,12013.101869790928
2905,12666.517081438218,15.671067771237345,12650.84601366698
2920,12829.165775852645,20.657316607540135,12808.508459245106
108583,14451.200444197922,4.986248836302791,14446.21419536162
2066,14681.841223335972,10.684818934934553,14671.156404401037
2858,16277.656568678663,1602.0105189778005,14675.646049700863
4993,16612.517753043347,1271.4934532571715,15341.024299786175
260,17776.03527194082,2154.7718185450935,15621.263453395724
2571,17706.085902426556,1804.30975747922,15901.776144947336
541,17386.190148447007,838.4021257611748,16547.788022685832
7153,17861.067147119797,1061.3586808701336,16799.708466249664
1196,19071.31679519857,1406.8344930996705,17664.4823020989
1136,19517.288670425783,871.8812250906351,18645.40744533515
923,19275.48226040793,482.24149459670383,18793.240765811228
2329,19637.05940479385,707.3350134926495,18929.7243913012
1201,19261.229388952324,287.06546871857375,18974.16392023375
1197,20193.795325438754,975.8801293906606,19217.915196048092
3429,19924.89976878921,46.30088205138306,19878.59888673783
4226,20832.32276348201,926.0176410276347,19906.305122454374
1233,20574.39429149494,406.735440789836,20167.658850705106
1267,20453.623900023387,194.46370461580887,20259.160195407578
670,20385.462711862616,21.369637869869106,20364.093073992746
2360,20462.34603525989,45.58856078905409,20416.757474470836
1262,20738.53647512243,248.6001205528106,20489.936354569618
903,20937.839707764364,371.83169893571784,20566.008008828645
1224,20735.63248286686,96.16337041441098,20639.469112452447
3468,20975.282678944073,72.65676875755496,20902.625910186518
1256,21064.7954858994,125.36854216989876,20939.426943729504
6669,20963.85242619407,21.369637869869106,20942.4827883242
79132,21550.289062720694,524.2684490741115,21026.020613646582
1209,21174.28002866041,81.2046239055026,21093.07540475491
1198,22664.678011666012,1364.8075386222629,21299.87047304375
1189,21403.29209405003,45.58856078905409,21357.703533260978
2859,21445.947462710203,40.6023119527513,21405.34515075745
1213,22210.465570661327,718.7321536899126,21491.733416971416
92259,21653.63814863802,96.16337041441098,21557.474778223608
2935,21638.321595756413,23.506601656856017,21614.814994099557
1949,21803.189103533277,30.62981428014572,21772.55928925313
2731,21898.779086369384,63.39659234727835,21835.382494022106
1172,22219.10294173716,258.5726182254161,21960.530323511746
1131,22081.124800499332,76.21837506919981,22004.906425430134
1204,22416.810803783657,375.39330524736255,22041.417498536295
2324,22674.281521885725,533.5286254843877,22140.752896401336
668,22297.56605090532,12.821782721921464,22284.744268183396
2351,22315.888344668823,24.218922919184987,22291.669421749637
3462,22377.07309056962,77.64301759385775,22299.43007297576
5971,22517.09264493742,146.02585877743888,22371.06678615998
3089,22461.12729595764,71.94444749522599,22389.182848462417
745,22807.461025355944,357.585273689139,22449.875751666805
1280,22535.836575984464,72.65676875755496,22463.17980722691
1234,22931.91363389085,369.694735148731,22562.218898742118
951,22953.767718073206,74.79373254454187,22878.973985528664
5008,22949.083154578246,33.4790993294616,22915.604055248783
2186,23254.586552472872,114.6837232349642,23139.902829237908
3134,23178.13877881582,24.218922919184987,23153.919855896635
1147,23473.419400575836,86.90319400413436,23386.5162065717
1254,23493.535552416586,104.71122556235862,23388.82432685423
1945,23635.966825117674,109.69747439866141,23526.269350719012
4973,24526.92730943679,836.265161974188,23690.6621474626
1148,24139.05849875983,434.5159700206647,23704.542528739166
2203,23767.17255813047,39.17766942809336,23727.99488870238
2959,25356.768790918184,1459.5462665120122,23897.22252440617
898,24162.03544053184,190.18977704183504,23971.845663490003
3022,24086.103718675156,39.17766942809336,24046.926049247064
905,24363.704556773206,73.36909001988393,24290.33546675332
1217,24575.405969654486,77.64301759385775,24497.762952060628
26587,24845.35100232083,6.410891360960732,24838.94011095987
1207,25414.555600156236,381.804196608323,25032.751403547914
3307,25097.72380774531,61.25962856029144,25036.46417918502
913,25512.81154078301,366.84545009941525,25145.966090683592
5291,25493.931324097888,76.93069633152878,25417.00062776636
1248,26297.41203929855,92.60176410276613,26204.810275195785
1252,26780.366616382016,401.03687069120446,26379.32974569081
950,26854.70888157326,65.53355613426525,26789.175325438995
94466,27256.648318829666,11.397140197263523,27245.251178632403
5618,27775.162240633417,381.0918753459941,27394.07036528742
58559,28392.690623092494,862.6210486803589,27530.069574412137
1260,28102.0551359823,85.47855147947642,28016.576584502825
930,28760.791568478126,103.99890430002965,28656.792664178094
113315,28861.177467010522,0.7123212623289701,28860.465145748192
926,30041.126540621946,99.01265546372686,29942.11388515822
1284,30221.41304340159,149.58746508908374,30071.825578312506
1203,31458.61632467984,369.694735148731,31088.921589531106
3030,31329.361020262917,86.90319400413436,31242.457826258782
908,33145.5925614974,440.9268613816252,32704.665700115773
3435,32963.84267297534,115.39604449729318,32848.44662847805
1193,34339.11329107152,937.4147812248978,33401.69850984662
77658,33467.340997990184,39.88999069042233,33427.451007299765
750,34959.67521896334,632.5412809481106,34327.13393801523
6016,35633.54621474477,452.32400157888827,35181.22221316588
1178,35723.788782514355,74.79373254454187,35648.99504996981
44555,38091.71289993081,184.49120694320328,37907.22169298761
1212,40019.06528015609,141.0396099411361,39878.02567021495
912,40874.457615817446,785.6903523488331,40088.76726346861
922,45803.84650522517,176.6556730575846,45627.19083216759
904,53431.69769786082,451.61168031655933,52980.086017544265
527,57544.67551339959,2112.7448640676726,55431.930649331916
7502,55695.22806304182,183.06656441854534,55512.161498623274
1221,63121.2750161403,922.45603471599,62198.81898142431
2019,65275.87134587612,282.07921988227116,64993.792125993845
50,73246.29578732418,1827.816359136075,71418.4794281881
318,79430.0,3065.118391801772,76364.88160819822
858,99376.0,1594.1749850921822,97781.82501490782
