item,weight_vector,weight,difference
5,120.72690327610802,656.7602038672946,-536.0333005911866
225,189.45635511463882,695.9378732953865,-506.4815181807476
494,118.93778362710391,624.7057470624923,-505.76796343538837
376,78.52665655896193,571.2816523878216,-492.7549958288597
3,181.46096215070966,666.0203802775709,-484.55941812686126
628,56.6797647179845,509.3097025652036,-452.62993784721914
805,79.62260259560215,525.6930915987693,-446.0704890031672
802,114.71652950541987,548.4873719932955,-433.7708424878756
762,17.303373868183503,444.4884676932699,-427.1850938250864
315,73.0440008010904,497.2002411056116,-424.1562403045212
186,71.28557022960426,485.0907796460196,-413.8052094164153
58,121.18502386087086,533.5286254843877,-412.34360162351686
852,30.97058207290983,442.3515039062831,-411.38092183337324
783,47.95538897874224,458.73489293984875,-410.7795039611065
112,100.65831686716643,506.46041751588785,-405.8021006487214
661,41.953972327025774,447.3377527425857,-405.3837804155599
282,82.52586773738712,480.81685207204595,-398.29098433465884
52,24.70891008868504,422.4065085610727,-397.69759847238765
277,28.20536913060498,415.2832959377833,-387.0779268071783
236,146.96627067775043,531.3916616974009,-384.4253910196504
7,221.96082283418778,602.6237879302951,-380.6629650961073
105,26.93833279580183,396.7629431172308,-369.82461032142896
261,59.756127155576586,420.98186603641483,-361.22573888083826
31,21.192254145590624,376.1056265096915,-354.91337236410084
719,3.029830164987896,357.585273689139,-354.5554435241511
252,35.51296906967776,384.6534816576388,-349.14051258796104
3101,13.23327372363883,359.0099162137969,-345.77664249015805
785,36.21097184839888,379.6672328213362,-343.45626097293734
432,182.33356896906537,523.5561278117825,-341.22255884271715
724,11.921735564517466,349.0374185411917,-337.11568297667424
168,106.53696202539115,436.65293380765155,-330.11597178226043
151,164.59763370696257,492.92631353163796,-328.3286798246754
246,54.68064024498097,382.51651787065197,-327.835877625671
637,1.4664308801121733,323.3938530973498,-321.9274222172376
1367,11.882062116834426,332.65402950762603,-320.7719673907916
2770,14.838937000294885,332.65402950762603,-317.81509250733114
135,1.3100529588669256,318.4076042610472,-317.09755130218025
743,1.4960986225321709,318.4076042610472,-316.91150563851505
345,49.03580486744044,365.42080757475736,-316.3850027073169
256,28.107606119079193,344.0511697048891,-315.9435635858099
14,1.5488537026477376,311.2843916377578,-309.73553793511
342,115.57070900143653,422.4065085610727,-306.8357995596362
79,0.47967301230938186,306.2981428014552,-305.8184697891458
355,25.838068187341566,330.5170657206392,-304.67899753329766
158,177.57146105596127,481.5291733343749,-303.9577122784136
1061,9.664616287518147,313.4213554247446,-303.7567391372265
515,63.41029118056382,366.84545009941525,-303.4351589188514
673,28.431513950075093,331.22938698296815,-302.79787303289305
145,79.20758843867462,373.2563414603757,-294.0487530217011
531,7.120318857321056,300.59957270282365,-293.47925384550257
585,26.458141827639473,318.4076042610472,-291.94946243340775
2572,86.78672944974647,378.2425902966783,-291.45586084693184
107,3.1211675123577494,291.3393962925474,-288.21822878018963
1597,16.810652034679553,304.16117901446836,-287.3505269797888
22,22.72421868550536,309.8597491130999,-287.1355304275945
647,2.404774009770354,287.7777899809027,-285.37301597113236
832,269.7547968186383,554.898263354256,-285.1434665356177
838,9.885191992934782,293.47636007953423,-283.59116808659945
362,6.869236142926526,289.9147537678895,-283.045517624963
204,9.240177288584315,292.05171755487635,-282.811540266292
44,47.311466336303695,329.0924231959813,-281.78095685967764
830,1.8247784393921533,283.50386240692904,-281.6790839675369
1405,11.122732727765412,292.05171755487635,-280.9289848271109
140,1.2643685406092589,280.6545773576133,-279.390208817004
2763,65.30847269722372,341.9142059179023,-276.60573322067853
1909,52.49065785904452,328.3801019336524,-275.88944407460787
333,60.51779989881401,335.5033145569418,-274.9855146581278
1059,25.729668859277105,298.4626089158368,-272.7329400565597
265,160.28527971633426,432.3790062336779,-272.0937265173436
2100,52.053412310906914,322.68153183502085,-270.6281195241139
224,15.025493462773294,285.64082619391587,-270.6153327311426
193,1.639244767446546,272.106722209666,-270.46747744221943
272,8.569203403841023,278.51761357062645,-269.94841016678544
552,172.14768524514264,440.21454011929626,-268.0668548741536
653,319.2695656851133,584.8157563720715,-265.5461906869582
2694,12.714259304592241,277.8052923082975,-265.09103300370526
2407,25.70233725936613,290.62707503021846,-264.92473777085235
720,14.490190453187537,278.51761357062645,-264.0274231174389
616,6.798799077708946,270.6820796850081,-263.8832806072991
475,15.997859196375506,279.2299348329554,-263.2320756365799
431,10.150649014434414,272.8190434719949,-262.6683944575605
29,14.216425624044966,276.3806497836396,-262.16422415959465
2881,2.624386335820626,264.2711883240476,-261.64680198822697
899,32.28291667516498,293.47636007953423,-261.19344340436925
471,57.536817089433136,317.69528299871826,-260.1584659092851
468,5.071378164850478,263.5588670617187,-258.4874888968682
849,6.544403758124282,264.98350958637656,-258.43910582825225
543,112.77123713064306,369.694735148731,-256.92349801808797
1047,8.268398255017786,264.98350958637656,-256.7151113313588
2023,16.99205537190123,272.106722209666,-255.11466683776473
348,7.145526295529466,262.1342245370608,-254.98869824153132
1042,7.079127778312796,261.42190327473185,-254.34277549641905
910,52.140557424231915,306.2981428014552,-254.15758537722326
1372,49.023167707988,302.7365364898105,-253.71336878182248
72998,35.42252392800595,288.49011124323164,-253.0675873152257
902,19.961722383998282,271.39440094733703,-251.43267856333875
1747,20.977045262253217,272.106722209666,-251.12967694741275
784,282.5629275066451,533.5286254843877,-250.9656979777426
914,29.26074382645964,279.94225609528434,-250.6815122688247
913,116.36850755795633,366.84545009941525,-250.47694254145893
2605,3.962809379891573,254.29869065144237,-250.3358812715508
1722,50.771962781887424,299.17493017816577,-248.40296739627834
1371,19.552053653735946,267.1204733733634,-247.56841971962743
529,64.47959820224636,311.2843916377578,-246.8047934355114
3255,11.990459822083396,258.5726182254161,-246.58215840333267
273,2.2625073111068774,248.6001205528106,-246.33761324170374
68157,28.24029983391549,274.2436859966528,-246.0033861627373
3755,12.819081681090324,258.5726182254161,-245.75353654432575
1375,39.985610667820545,284.92850493158693,-244.9428942637664
2336,14.496775433996767,259.284939487745,-244.78816405374826
24,5.816168958340752,249.31244181513958,-243.49627285679884
1204,133.21842052410855,375.39330524736255,-242.174884723254
3160,50.10512542608606,292.05171755487635,-241.9465921287903
172,150.7281729759097,391.7766942809282,-241.0485213050185
2150,12.157368859158584,252.16172686445546,-240.00435800529687
1293,29.155268539342728,267.8327946356923,-238.6775260963496
306,5.563281469852909,242.90155045417885,-237.33826898432594
1513,5.66241069891382,242.90155045417885,-237.23913975526503
455,11.24850278129237,247.88779929048164,-236.63929650918928
1876,48.447445579666535,284.92850493158693,-236.4810593519204
1172,22.656280924307577,258.5726182254161,-235.9163373011085
524,4.279630164346626,240.05226540486296,-235.77263524051634
1357,5.129152370606066,240.05226540486296,-234.9231130342569
1690,27.207955177321423,261.42190327473185,-234.21394809741042
2278,13.8714250567985,247.88779929048164,-234.01637423368314
2723,7.434609777777572,240.76458666719194,-233.32997688941435
435,278.4488542085292,511.44666635219045,-232.99781214366124
48,253.6338241837972,486.5154221706775,-232.88159798688028
596,178.39397344396178,411.00936836380964,-232.61539491984786
2490,3.4021674482349313,235.77833783088914,-232.3761703826542
1276,71.08980969706016,302.7365364898105,-231.64672679275031
2724,6.268844277410154,237.91530161787605,-231.6464573404659
68954,26.775909132848977,257.86029696308714,-231.08438783023817
1673,125.89068046132678,356.87295242681006,-230.98227196548328
2541,8.418633289379805,239.339944142534,-230.92131085315418
6016,222.8423898459337,452.32400157888827,-229.48161173295458
1093,2.393069325846293,231.50441025691532,-229.11134093106904
969,48.34932443968814,276.3806497836396,-228.0313253439515
2826,3.110386002814225,230.79208899458635,-227.6817029917721
1088,35.70420673923771,262.84654579938973,-227.142339060152
3510,1.6045716942484098,228.65512520759944,-227.05055351335102
1339,11.819288998248098,238.62762288020502,-226.8083338819569
2581,1.9724303042437603,228.65512520759944,-226.68269490335567
1569,20.133339247185386,246.4631567658237,-226.32981751863832
196,214.83066873008644,440.9268613816252,-226.09619265153876
1084,18.46511258759593,244.3261929788368,-225.86108039124085
1263,26.572465523265365,252.16172686445546,-225.58926134119008
3256,4.388401929781893,229.3674464699284,-224.9790445401465
3911,25.6482128274813,250.02476307746855,-224.37655024998725
2890,36.05014694893398,259.99726075007396,-223.94711380113998
2908,3.562560743069346,227.2304826829415,-223.66792193987214
45,12.360276689171876,235.77833783088914,-223.41806114171726
745,134.23674474307714,357.585273689139,-223.34852894606186
60,2.114253349665241,224.38119763362562,-222.26694428396038
1285,50.26567585231503,272.106722209666,-221.84104635735093
170,5.063754178534425,226.51816142061253,-221.4544072420781
3418,62.950145033613374,284.216183669258,-221.2660386356446
1396,95.13935462152342,316.2706404740604,-221.13128585253696
3072,2.1113250854760905,222.2442338466387,-220.1329087611626
2140,5.816619000317044,225.80584015828356,-219.9892211579665
610,8.220330633838664,227.94280394527047,-219.7224733114318
1466,24.836731573594726,244.3261929788368,-219.48946140524205
1223,7.391589839313827,226.51816142061253,-219.1265715812987
372,4.326403997074551,222.95655510896768,-218.63015111189313
2501,3.7780752246004354,220.81959132198077,-217.04151609738034
1060,21.35418589787977,237.91530161787605,-216.56111571999628
2393,7.181598482486228,223.66887637129665,-216.4872778888104
3421,44.588864042497754,260.7095820124029,-216.12071796990514
1120,6.871039689309914,222.2442338466387,-215.37319415732878
2427,3.441405342558655,217.97030627266489,-214.52890093010623
2006,127.38779196306328,341.9142059179023,-214.526413954839
671,3.2763167589305153,217.25798501033591,-213.9816682514054
327,3.4471230863278177,217.25798501033591,-213.8108619240081
319,3.553630144627835,217.25798501033591,-213.70435486570807
1918,5.252024408498635,218.68262753499386,-213.4306031264952
3107,1.3814438498347146,214.40869996102003,-213.02725611118532
216,10.694044906152874,223.66887637129665,-212.97483146514378
54286,53.629831679776096,266.40815211103444,-212.77832043125835
69757,1.8491080526593062,214.40869996102003,-212.55959190836072
237,2.679410203458463,215.121021223349,-212.44161101989053
100,0.5481123162838398,212.9840574363621,-212.43594512007826
230,3.2196112052709775,215.121021223349,-211.90141001807802
1094,114.57913683122403,326.24313814666556,-211.6640013154415
1962,5.7616850144045095,217.25798501033591,-211.4962999959314
2455,13.598911097221402,225.0935188959546,-211.4946077987332
1272,8.92342434235931,220.1072700596518,-211.18384571729248
51662,55.946964002138756,267.1204733733634,-211.1735093712246
2707,1.298179335803707,212.27173617403312,-210.97355683822943
2144,6.185303675780825,216.54566374800694,-210.36036007222611
1674,40.58689200769463,250.73708433979752,-210.1501923321029
59315,113.00469654405231,322.68153183502085,-209.67683529096854
3000,28.363247043044503,237.91530161787605,-209.55205457483154
1242,104.60018638637615,314.13367668707355,-209.5334903006974
2105,19.404255235330762,228.65512520759944,-209.25086997226867
198,15.198712726208392,224.38119763362562,-209.18248490741723
307,3.81343325551922,212.9840574363621,-209.17062418084288
2302,193.74344487819565,402.46151321586234,-208.7180683376667
485,174.8912594414088,383.2288391329809,-208.3375796915721
1092,29.014869179546583,237.20298035554708,-208.1881111760005
2701,35.4902566606056,242.90155045417885,-207.41129379357324
2699,195.15426533446166,402.46151321586234,-207.30724788140068
2248,14.110765349817395,220.81959132198077,-206.70882597216337
765,0.32520017905706916,206.57316607540136,-206.24796589634428
800,4.4590731340638445,210.1347723870462,-205.67569925298235
1302,76.6576709338248,282.07921988227116,-205.42154894844634
1320,134.05910138644114,339.0649208685865,-205.00581948214537
1479,3.9455497421766696,208.71012986238827,-204.7645801202116
2167,33.15335790744907,237.91530161787605,-204.76194371042698
56367,58.73784152328706,262.84654579938973,-204.10870427610269
63082,27.449653291931483,231.50441025691532,-204.05475696498382
1262,44.922773555700765,248.6001205528106,-203.67734699710985
65,0.7369032194465192,203.72388102608548,-202.98697780663895
4085,10.335029745020995,212.9840574363621,-202.6490276913411
2470,50.25722868279859,252.87404812678443,-202.61681944398583
968,7.694494902717022,209.42245112471724,-201.72795622200022
2001,98.69388013545145,299.8872514404947,-201.19337130504326
2002,4.181338887882962,205.14852355074342,-200.96718466286046
1729,39.90217425043157,240.76458666719194,-200.86241241676038
2080,24.319948289471093,225.0935188959546,-200.7735706064835
2076,8.71732746156384,209.42245112471724,-200.70512366315342
1408,91.50873076265717,292.05171755487635,-200.54298679221918
3753,129.4172466082608,329.80474445831027,-200.38749785004947
1244,7.8454172898002925,207.9978086000593,-200.15239131025902
48780,68.30466235884646,267.8327946356923,-199.52813227684587
3717,13.497244655494365,212.9840574363621,-199.48681278086772
40815,23.518841963604828,222.95655510896768,-199.43771314536286
5995,38.02861116338342,237.20298035554708,-199.17436919216368
88,0.3095935917237276,198.7376321897827,-198.42803859805895
1333,41.74806895580687,240.05226540486296,-198.3041964490561
1275,43.440121041094514,241.4769079295209,-198.03678688842638
30749,9.808962748116175,207.28548733773033,-197.47652458961414
2294,16.56986496757797,213.69637869869106,-197.1265137311131
2160,2.559646831258315,199.44995345211166,-196.89030662085335
2145,1.2456075232745152,198.02531092745372,-196.7797034041792
2722,2.084106655856372,198.7376321897827,-196.6535255339263
1907,5.121088551456452,201.58691723909857,-196.4658286876421
70286,8.86112503101644,205.14852355074342,-196.287398519727
2019,85.98831372223266,282.07921988227116,-196.09090616003851
6502,80.86336985894887,276.3806497836396,-195.51727992469074
1953,6.38231530449421,201.58691723909857,-195.20460193460437
9,0.156861774859441,195.17602587813784,-195.0191641032784
2003,19.540094298169592,214.40869996102003,-194.86860566285043
1188,6.224059652676675,200.8745959767696,-194.6505363240929
4361,2.0243299727517554,196.60066840279578,-194.57633843004402
232,2.699035148133301,196.60066840279578,-193.90163325466247
1250,148.76367160461436,342.6265271802312,-193.86285557561686
1645,36.15593599959459,229.3674464699284,-193.21151047033382
2761,8.585859008007784,201.58691723909857,-193.00105823109078
68358,5.742698621932048,198.7376321897827,-192.99493356785064
1287,15.724643496192359,208.71012986238827,-192.98548636619591
3863,2.5762907897876213,194.46370461580887,-191.88741382602123
1249,15.432692441363468,207.28548733773033,-191.85279489636687
2968,8.152577991748364,199.44995345211166,-191.2973754603633
2424,46.781557033982516,237.91530161787605,-191.13374458389353
2394,2.5691308553733316,193.03906209115092,-190.46993123577758
1416,0.46317030791340075,190.902098304164,-190.4389279962506
2273,6.415885437929354,196.60066840279578,-190.18478296486643
799,0.7740665103182891,190.902098304164,-190.12803179384574
5377,12.20695036170789,202.29923850142754,-190.09228813971964
2085,3.018272705074822,193.03906209115092,-190.0207893860761
1029,12.437034992486172,202.29923850142754,-189.86220350894138
1228,16.01213298510252,205.8608448130724,-189.84871182796988
303,1.5679349551324968,190.18977704183504,-188.62184208670254
1235,8.706394236395814,197.31298966512475,-188.60659542872892
1373,3.7220966896640024,192.32674082882195,-188.60464413915795
69122,5.506633276163413,193.7513833534799,-188.2447500773165
2161,19.21063282784313,207.28548733773033,-188.0748545098872
3174,3.196657047160063,190.902098304164,-187.70544125700394
1296,3.6106343635532583,190.902098304164,-187.29146394061075
180,8.636708747858538,195.8883471404668,-187.25163839260827
3671,23.059870877194626,210.1347723870462,-187.0749015098516
4246,63.853926656971815,250.73708433979752,-186.8831576828257
898,3.760896372365909,190.18977704183504,-186.42888066946912
1022,13.928691665727055,200.16227471444063,-186.23358304871357
3555,1.4211154362191103,187.34049199251916,-185.91937655630005
2871,7.176314976843576,193.03906209115092,-185.86274711430735
2746,5.796762482767468,191.61441956649298,-185.81765708372552
8784,15.51554277520673,200.8745959767696,-185.35905320156286
2021,9.844056051589726,195.17602587813784,-185.33196982654812
1129,8.221921718382369,193.03906209115092,-184.81714037276856
35836,17.056183275309486,201.58691723909857,-184.5307339637891
1358,199.42024142979616,383.94116039530985,-184.5209189655137
1345,5.765318882753944,190.18977704183504,-184.4244581590811
55820,40.0190942901162,224.38119763362562,-184.36210334350943
2580,9.568583037207283,193.7513833534799,-184.18280031627262
2688,0.47739536006567507,184.49120694320328,-184.0138115831376
1748,57.5781844415042,241.4769079295209,-183.8987234880167
3703,6.366638793466295,190.18977704183504,-183.82313824836874
44555,1.2998155833959413,184.49120694320328,-183.19139135980734
46578,101.91155580231714,284.92850493158693,-183.0169491292698
1777,124.17350366969836,307.0104640637841,-182.83696039408576
276,0.9561589433637239,183.7788856808743,-182.82272673751058
837,0.6734444063694713,183.06656441854534,-182.39312001217587
2686,0.6821358694145574,183.06656441854534,-182.38442854913077
1409,1.6077049919325885,183.7788856808743,-182.17118068894172
7502,0.9076043471607363,183.06656441854534,-182.1589600713846
1019,1.9285789105772273,183.7788856808743,-181.8503067702971
1186,1.4313289342274165,183.06656441854534,-181.63523548431792
441,5.7336238901431855,187.34049199251916,-181.60686810237598
2406,155.43644771907353,336.9279570815997,-181.49150936252616
1586,0.47302554703545674,181.6419218938874,-181.16889634685194
2641,2.062656160135062,183.06656441854534,-181.0039082584103
3396,1.4036419229756225,182.35424315621637,-180.95060123324075
1271,12.969764519103773,193.7513833534799,-180.78161883437613
3006,5.985927044884366,186.6281707301902,-180.64224368530583
1267,13.912027490278707,194.46370461580887,-180.55167712553015
3275,7.173841966901819,187.34049199251916,-180.16665002561734
1269,3.672440331287494,183.7788856808743,-180.1064453495868
2289,3.9787515561152658,183.7788856808743,-179.80013412475904
1376,188.0378460321812,367.5577713617442,-179.519925329563
1215,112.5374669290892,292.05171755487635,-179.51425062578716
2288,7.970265416751616,187.34049199251916,-179.37022657576756
247,4.513686664547151,183.7788856808743,-179.26519901632716
41,0.3295042464000383,179.5049581069005,-179.17545386050045
7143,24.578949974337895,203.72388102608548,-179.1449310517476
370,329.52914985478515,508.5973813028747,-179.06823144808953
1994,7.85059791620845,186.6281707301902,-178.77757281398175
2058,5.08503513242897,183.7788856808743,-178.69385054844534
60069,148.97630008582547,327.66778067132344,-178.69148058549797
1041,0.8237775266067333,179.5049581069005,-178.68118058029376
4262,19.470611404896236,198.02531092745372,-178.55469952255748
3082,5.428785356872284,183.7788856808743,-178.35010032400203
2005,20.433104942489226,198.7376321897827,-178.30452724729346
4025,10.500677789593812,188.7651345171771,-178.26445672758328
1321,2.7447357884842645,180.92960063155843,-178.18486484307417
2087,1.4363917688024523,179.5049581069005,-178.06856633809804
34405,3.5784243222731718,181.6419218938874,-178.06349757161422
2193,12.23849622051286,190.18977704183504,-177.95128082132217
162,1.8900834776567084,179.5049581069005,-177.6148746292438
2947,37.653312662774745,215.121021223349,-177.46770856057427
222,1.3414860768849504,178.79263684457152,-177.45115076768656
4018,4.975695277421028,182.35424315621637,-177.37854787879533
2020,3.7298222161485346,180.92960063155843,-177.1997784154099
5060,136.068938702274,312.70903416241566,-176.64009546014165
4308,44.24229298205185,220.81959132198077,-176.57729833992892
1261,6.540744778492274,183.06656441854534,-176.52581964005307
2539,5.882531360589564,182.35424315621637,-176.47171179562682
1104,1.7969738159182131,178.08031558224255,-176.28334176632433
4014,30.638548339941448,206.57316607540136,-175.9346177354599
3552,7.967942112227399,183.7788856808743,-175.8109435686469
3752,3.863381319467659,179.5049581069005,-175.64157678743283
4002,0.311715910150657,175.94335179525564,-175.63163588510497
1957,2.0353175668113317,177.36799431991358,-175.33267675310225
207,1.156048492787348,175.94335179525564,-174.7873033024683
1274,12.764853233502997,187.34049199251916,-174.57563875901616
1175,3.641340225927557,178.08031558224255,-174.43897535631498
381,0.7935287963880377,175.23103053292667,-174.43750173653862
922,2.2827541742889568,176.6556730575846,-174.37291888329565
1299,3.732332947324402,178.08031558224255,-174.34798263491814
1562,6.047057046360427,180.21727936922946,-174.17022232286902
1347,1.8453721618301047,175.94335179525564,-174.09797963342552
6942,7.65627302842924,181.6419218938874,-173.98564886545816
1231,4.339667985884615,178.08031558224255,-173.74064759635795
2064,2.5057972384166076,175.94335179525564,-173.43755455683902
413,1.2905157682904735,174.5187092705977,-173.22819350230722
562,2.0582347333327347,175.23103053292667,-173.17279579959393
194,0.6744631204832466,173.80638800826873,-173.1319248877855
3448,27.31037946995396,200.16227471444063,-172.85189524448666
1911,1.6120795084426622,173.80638800826873,-172.19430849982606
1912,2.4348313608605294,174.5187092705977,-172.08387790973717
880,0.4849722805690656,172.38174548361079,-171.89677320304173
48394,83.47878838235637,255.01101191377134,-171.53222353141496
707,0.3198650494113334,171.66942422128182,-171.34955917187048
1947,10.369967829940796,181.6419218938874,-171.2719540639466
2078,9.012763763974855,180.21727936922946,-171.2045156052546
1343,8.317883199424719,179.5049581069005,-171.18707490747576
5991,4.804460291119598,175.94335179525564,-171.13889150413604
1411,1.6434613827665083,172.38174548361079,-170.73828410084428
2529,104.77317044979226,274.95600725898174,-170.1828368091895
2915,0.9408612414431061,170.95710295895285,-170.01624171750973
2366,0.9424199390520197,170.95710295895285,-170.01468301990081
44195,2.595083825874436,172.38174548361079,-169.78666165773635
50872,12.993680026049413,182.35424315621637,-169.36056313016695
2485,1.1540471723074157,170.24478169662387,-169.09073452431645
2359,2.119653684569497,170.95710295895285,-168.83744927438335
2109,0.8417629519807083,169.5324604342949,-168.6906974823142
1921,14.03042754299633,182.35424315621637,-168.32381561322003
3617,1.9512219006713831,170.24478169662387,-168.2935597959525
3033,29.99263042955566,198.02531092745372,-168.03268049789807
1680,2.4138441674021656,170.24478169662387,-167.8309375292217
70,95.36690445896399,262.84654579938973,-167.47964134042576
74,0.15221034671324338,167.395496647308,-167.24328630059475
49272,121.54212382306704,288.49011124323164,-166.9479874201646
2124,1.8736905465852185,168.82013917196593,-166.94644862538073
2717,1.5737599788960912,168.10781790963696,-166.5340579307409
1644,1.5786873694271688,168.10781790963696,-166.5291305402098
3916,2.523689654302887,168.82013917196593,-166.29644951766304
1967,8.352092773929652,174.5187092705977,-166.16661649666804
2944,2.000229946519893,167.395496647308,-165.3952667007881
2671,116.02206702438998,281.3668986199422,-165.34483159555225
3210,2.5284930734638564,167.395496647308,-164.86700357384413
3361,1.1506739625177806,165.97085412265005,-164.82018016013228
466,193.5754143008581,358.29759495146794,-164.72218065060983
2872,1.2797820188514937,165.97085412265005,-164.69107210379855
5010,17.667536785047066,182.35424315621637,-164.6867063711693
1960,2.0694470156639975,166.68317538497902,-164.61372836931503
1438,0.348771978946066,164.5462115979921,-164.19743961904604
5299,25.3722908510726,189.47745577950607,-164.10516492843348
4718,5.007689948510774,168.82013917196593,-163.81244922345516
1663,4.373066064190603,168.10781790963696,-163.73475184544637
86,0.16207652439312228,163.83389033566314,-163.67181381127003
761,0.19823986317056053,163.83389033566314,-163.63565047249259
1717,0.9637734225590828,163.83389033566314,-162.87011691310406
3039,8.917779530571087,171.66942422128182,-162.75164469071072
3148,1.113369514551368,163.83389033566314,-162.72052082111176
748,0.4753520065574423,163.12156907333417,-162.64621706677673
1590,0.6412140303457621,163.12156907333417,-162.4803550429884
3624,2.8328738179927218,165.25853286032108,-162.42565904232836
3176,162.52195309521176,324.8184956220077,-162.29654252679592
49530,2.9665135134334,165.25853286032108,-162.29201934688768
227,0.3081334310729873,162.4092478110052,-162.10111437993223
1639,194.90441197792853,356.87295242681006,-161.96854044888153
2094,0.8509133059815474,162.4092478110052,-161.55833450502365
18,0.4648464369393723,161.69692654867623,-161.23208011173685
1882,0.7919091265036009,161.69692654867623,-160.90501742217262
1203,208.88263280741967,369.694735148731,-160.81210234131134
5902,8.899185340268861,169.5324604342949,-160.63327509402603
532,1.2848704143533103,161.69692654867623,-160.4120561343229
1282,94.67275276935221,255.01101191377134,-160.3382591444191
3499,8.152556299937116,168.10781790963696,-159.95526160969985
33166,9.008117070385548,168.82013917196593,-159.8120221015804
3702,5.087708153301212,164.5462115979921,-159.4585034446909
737,0.1548123827357682,159.55996276168932,-159.40515037895355
839,0.1572932473495469,159.55996276168932,-159.40266951433978
2300,1.5922287706927936,160.98460528634726,-159.39237651565446
1805,1.7558541890872768,160.98460528634726,-159.22875109726
6807,7.268708128081988,165.97085412265005,-158.70214599456807
3826,0.9530111568879127,159.55996276168932,-158.6069516048014
4979,75.1571688732401,233.64137404390223,-158.48420517066214
6934,78.90420802849134,237.20298035554708,-158.29877232705576
3363,2.032946881220806,160.2722840240183,-158.2393371427975
1253,1.7603598298833638,159.55996276168932,-157.79960293180596
3386,1.1248060173045624,158.84764149936035,-157.72283548205579
3489,1.5608451039725695,158.84764149936035,-157.28679639538777
4643,1.7372497468010617,158.84764149936035,-157.11039175255928
5502,13.939002188959403,170.95710295895285,-157.01810076999345
6378,11.551023077580343,168.10781790963696,-156.55679483205662
81845,1.8103225749223537,158.13532023703138,-156.324997662109
3247,1.1001554939157208,157.4229989747024,-156.3228434807867
5679,11.083945083686354,167.395496647308,-156.31155156362163
534,0.4591631328873055,156.71067771237344,-156.25151457948613
3105,0.9919134828244802,156.71067771237344,-155.71876422954895
30707,11.694621859084613,167.395496647308,-155.7008747882234
3967,3.6713804141438886,158.84764149936035,-155.17626108521645
420,509.32569491540727,663.8834164905841,-154.5577215751768
3354,1.4593476873193025,155.99835645004447,-154.53900876272516
7254,11.466865241583172,165.97085412265005,-154.50398888106687
4370,25.05954847725407,179.5049581069005,-154.4454096296464
2125,0.3343094283054614,154.57371392538653,-154.23940449708107
3798,0.4584257036687536,154.57371392538653,-154.11528822171778
741,4.8596923428970085,158.84764149936035,-153.98794915646334
5459,11.60333033674276,165.25853286032108,-153.6552025235783
48774,11.932123859376158,165.25853286032108,-153.32640900094492
4975,3.009432753007301,155.99835645004447,-152.98892369703717
1027,1.6088461946521353,154.57371392538653,-152.9648677307344
5481,3.8448322363897898,156.71067771237344,-152.86584547598366
3081,105.09252038904535,257.86029696308714,-152.7677765740418
916,1.935923738141218,154.57371392538653,-152.63779018724532
1037,1.3434325869665504,153.86139266305756,-152.51796007609101
3005,0.6433266766824645,153.1490714007286,-152.5057447240461
2321,155.69907440357267,307.72278532611307,-152.0237109225404
8874,61.42671091394889,212.9840574363621,-151.5573465224132
308,0.9568031937402891,152.43675013839962,-151.47994694465933
12,0.36434913981141603,151.72442887607065,-151.36007973625922
203,0.9767790116413749,151.72442887607065,-150.74764986442926
1952,1.0235354366850498,151.72442887607065,-150.7008934393856
45722,21.884410188693213,172.38174548361079,-150.49733529491758
6373,9.153269226466486,159.55996276168932,-150.40669353522284
2949,1.4320756690825147,151.72442887607065,-150.29235320698814
1831,0.7864344513028197,151.01210761374168,-150.22567316243885
3253,70.61157303299353,220.1072700596518,-149.49569702665826
78499,1.3388930451878216,150.2997863514127,-148.96089330622488
5218,64.1699090213711,212.9840574363621,-148.814148414991
4720,15.353451056361312,163.83389033566314,-148.48043927930183
1378,1.1376992353347346,149.58746508908374,-148.449765853749
866,1.425992832742559,149.58746508908374,-148.16147225634117
89745,1.444339757108765,149.58746508908374,-148.14312533197497
1284,1.4615479456537614,149.58746508908374,-148.12591714342997
4571,3.684959863350351,151.72442887607065,-148.0394690127203
1965,1.1715289679754695,148.87514382675477,-147.7036148587793
2478,0.4903186139538235,148.1628225644258,-147.67250395047196
1292,2.1217356464368033,149.58746508908374,-147.46572944264693
5669,82.19910274250333,229.3674464699284,-147.16834372742508
2352,2.032492569945745,148.87514382675477,-146.84265125680903
1077,3.1625688950923068,148.87514382675477,-145.71257493166246
1476,0.31424635031809,146.02585877743888,-145.7116124271208
1032,3.5048978052574133,148.87514382675477,-145.37024602149737
4447,5.292865851063082,150.2997863514127,-145.00692050034962
5971,1.1620226086621317,146.02585877743888,-144.86383616877674
4310,3.48590804738244,148.1628225644258,-144.67691451704334
54503,1.6608741419912392,146.02585877743888,-144.36498463544766
3301,0.9849364964760415,145.3135375151099,-144.32860101863386
2420,1.718602389797849,146.02585877743888,-144.30725638764105
3424,0.34536379516254156,144.60121625278094,-144.2558524576184
2840,0.1505149978319906,143.88889499045197,-143.73837999262
2805,0.16666666666666666,143.88889499045197,-143.72222832378532
491,0.47636341001608784,143.88889499045197,-143.41253158043588
2384,0.15520856277015513,143.176573728123,-143.02136516535285
2599,237.02901618816998,379.6672328213362,-142.63821663316622
4270,1.284049688013779,143.88889499045197,-142.6048453024382
1049,0.6202400941001314,143.176573728123,-142.55633363402288
2804,188.7113589297831,331.22938698296815,-142.51802805318505
2431,0.766653149302132,143.176573728123,-142.40992057882087
2371,0.7917636373274711,143.176573728123,-142.38481009079553
2018,1.570996622400275,143.88889499045197,-142.3178983680517
3100,0.3252420263065888,142.46425246579403,-142.13901043948744
3273,0.6580212191764304,142.46425246579403,-141.8062312466176
3108,2.0963008056453427,143.88889499045197,-141.79259418480663
2313,2.809379337770337,144.60121625278094,-141.7918369150106
4321,0.3116741575952092,141.75193120346506,-141.44025704586986
249,0.457846687555046,141.75193120346506,-141.29408451591001
2657,187.25865537160894,328.3801019336524,-141.12144656204345
4848,10.123047725703298,151.01210761374168,-140.8890598880384
31658,0.6460156472880495,141.0396099411361,-140.39359429384805
535,0.6500885883944044,141.0396099411361,-140.3895213527417
915,0.9273039322872416,141.0396099411361,-140.11230600884886
51255,4.590238346915653,144.60121625278094,-140.0109779058653
2948,1.7585750166060563,141.75193120346506,-139.99335618685902
2108,1.1380291582948134,141.0396099411361,-139.90158078284128
33493,83.81503711823588,223.66887637129665,-139.85383925306076
3785,7.7026986713651215,147.45050130209682,-139.7478026307317
8464,5.882641752893188,145.3135375151099,-139.43089576221672
2013,0.30947915953849015,139.61496741647815,-139.30548825693967
1884,3.165780724153543,142.46425246579403,-139.2984717416405
1552,140.77526210693551,279.94225609528434,-139.16699398834882
540,0.47417723017593916,139.61496741647815,-139.1407901863022
1212,2.5351341970650196,141.0396099411361,-138.50447574407107
280,0.46845804887729847,138.90264615414918,-138.4341881052719
3175,183.9328714749305,321.9692105726919,-138.0363390977614
3535,4.745563350774686,142.46425246579403,-137.71868911501934
81591,1.3054023140329418,138.90264615414918,-137.59724384011625
1997,128.28388350905283,265.6958308487055,-137.41194733965267
2096,0.7969751891061654,138.1903248918202,-137.39334970271403
2428,0.8070016990638393,138.1903248918202,-137.38332319275636
3450,0.16005307325482135,137.47800362949124,-137.3179505562364
1377,62.88958562076806,200.16227471444063,-137.27268909367257
1298,1.7443145773928652,138.90264615414918,-137.15833157675632
262,0.49364470031499263,137.47800362949124,-136.98435892917624
8622,4.862326253108415,141.75193120346506,-136.88960495035664
3994,96.81599061264208,233.64137404390223,-136.82538343126015
519,0.17070727966372012,136.76568236716227,-136.59497508749854
8798,2.525906007312994,138.90264615414918,-136.3767401468362
954,1.1303502878399267,137.47800362949124,-136.34765334165132
71535,1.2513712335636948,137.47800362949124,-136.22663239592754
91529,0.6434709787796564,136.76568236716227,-136.12221138838262
74458,2.1407772741931663,138.1903248918202,-136.04954761762704
3317,0.8422866382050905,136.0533611048333,-135.21107446662822
3809,0.15442266280111014,135.34103984250433,-135.18661717970323
836,0.15817959093978226,135.34103984250433,-135.18286025156453
1020,0.9695113732955546,136.0533611048333,-135.08384973153775
76093,0.3340705486109562,135.34103984250433,-135.00696929389338
1103,0.8037076702045434,135.34103984250433,-134.53733217229978
8644,14.672538239535303,148.87514382675477,-134.20260558721947
2046,0.48598581190709933,134.62871858017536,-134.14273276826825
5618,247.27398561005424,381.0918753459941,-133.81788973593984
1185,0.4916344219595931,133.9163973178464,-133.4247628958868
41566,2.1788410654208734,135.34103984250433,-133.16219877708346
2353,220.59456185322216,353.31134611516535,-132.7167842619432
477,0.6656497465997444,133.20407605551742,-132.53842630891768
2951,2.0928350935618654,134.62871858017536,-132.5358834866135
3471,188.2032564294231,320.544568048034,-132.34131161861092
2616,0.15221034671324338,132.49175479318845,-132.3395444464752
4446,2.2994962274279596,134.62871858017536,-132.3292223527474
1179,1.771946506964923,133.9163973178464,-132.14445081088147
1537,0.31615547683651535,131.77943353085948,-131.46327805402296
48385,4.72810410608689,136.0533611048333,-131.3252569987464
99114,0.5882760312394968,131.77943353085948,-131.19115749961998
4223,1.4293171241731972,132.49175479318845,-131.06243766901525
994,1.1160116400824207,131.77943353085948,-130.66342189077704
1959,0.6451475539573065,131.0671122685305,-130.4219647145732
2067,0.6461256760047807,131.0671122685305,-130.42098659252574
27773,2.4077415145762946,132.49175479318845,-130.08401327861216
2391,0.9991604072284302,131.0671122685305,-130.06795186130208
54001,1.76502892664359,131.77943353085948,-130.01440460421588
383,0.16104477175644444,129.64246974387257,-129.48142497211612
2369,0.47275529695975166,129.64246974387257,-129.16971444691282
2243,0.5020044315656014,129.64246974387257,-129.14046531230696
3534,0.1686130986895011,128.9301484815436,-128.7615353828541
3300,1.2960473588910462,129.64246974387257,-128.3464223849815
3698,0.6205677276180673,128.9301484815436,-128.30958075392553
1233,278.55803802477413,406.735440789836,-128.17740276506186
2719,0.16260831227163416,128.21782721921463,-128.055218906943
4367,0.9424654529750776,128.9301484815436,-127.98768302856853
5013,0.9513682030956649,128.9301484815436,-127.97878027844793
7293,0.9622979204480051,128.9301484815436,-127.96785056109559
30793,3.1048887888798378,131.0671122685305,-127.96222347965067
3252,0.30869458877177286,128.21782721921463,-127.90913263044285
3113,0.3287009725451968,128.21782721921463,-127.88912624666943
1125,0.6334943939647829,128.21782721921463,-127.58433282524985
6870,3.7145915817373187,130.35479100620154,-126.64019942446421
5903,3.070368983441743,129.64246974387257,-126.57210076043083
23,0.22424382421757544,126.7931846945567,-126.56894087033912
2137,0.31872367637380367,126.7931846945567,-126.4744610181829
2687,0.32414790136685356,126.7931846945567,-126.46903679318984
2662,0.17376534287144002,126.08086343222773,-125.9070980893563
2231,1.148938755866196,126.7931846945567,-125.6442459386905
64614,3.315683812286809,128.9301484815436,-125.61446466925679
6537,4.32373049596758,129.64246974387257,-125.31873924790499
4148,0.7999728221130208,126.08086343222773,-125.28089061011471
1449,0.9558140045257962,126.08086343222773,-125.12504942770194
3868,0.9638805994920485,126.08086343222773,-125.11698283273569
382,0.30270535395375736,125.36854216989876,-125.065836815945
144,0.30493766063310074,125.36854216989876,-125.06360450926566
728,0.1781035935540111,124.65622090756979,-124.47811731401578
3285,0.34575121910823753,124.65622090756979,-124.31046968846155
5464,2.5623101329991473,126.7931846945567,-124.23087456155756
1256,1.1751787628108616,125.36854216989876,-124.1933634070879
6218,2.7333246585764965,126.7931846945567,-124.05986003598021
6863,6.545351926822916,130.35479100620154,-123.80943907937862
46976,1.6075681532482748,125.36854216989876,-123.76097401665048
546,1.2878662807718073,124.65622090756979,-123.36835462679798
538,0.1572932473495469,123.23157838291185,-123.0742851355623
3362,2.4309746793514586,125.36854216989876,-122.9375674905473
1982,0.790443356357794,123.23157838291185,-122.44113502655405
164,0.16666666666666666,122.51925712058288,-122.3525904539162
215,0.4780609913493953,122.51925712058288,-122.04119612923348
69,0.15084420062289414,121.80693585825391,-121.65609165763101
4239,2.514287451290598,123.94389964524082,-121.42961219395022
59369,0.4936964596402239,121.80693585825391,-121.31323939861369
60684,0.9826605940413197,121.80693585825391,-120.82427526421259
218,0.32195659840590407,121.09461459592494,-120.77265799751903
4816,1.0616468110840347,121.80693585825391,-120.74528904716988
8970,1.7825648078005614,122.51925712058288,-120.73669231278231
4776,2.8621248771407357,123.23157838291185,-120.36945350577112
40819,1.7908617318628077,121.80693585825391,-120.0160741263911
34162,1.8217001436229268,121.80693585825391,-119.98523571463099
2421,0.6117830673041531,120.38229333359597,-119.77051026629181
3608,0.626804247339059,120.38229333359597,-119.75548908625692
3178,0.15773243839286438,119.669972071267,-119.51223963287413
481,0.15817959093978226,119.669972071267,-119.51179248032722
1693,0.1729696904450771,119.669972071267,-119.49700238082193
4638,1.0911293802363238,120.38229333359597,-119.29116395335964
1350,0.16207652439312228,118.95765080893803,-118.7955742845449
1025,0.31095513363941113,118.95765080893803,-118.64669567529862
412,0.3163680091317993,118.95765080893803,-118.64128279980623
4369,1.1027125378620346,119.669972071267,-118.56725953340496
79132,405.8033664218121,524.2684490741115,-118.46508265229937
2395,214.94408783372097,333.366350769955,-118.422262936234
374,0.30303936425263966,118.24532954660906,-117.94229018235642
47610,1.282059280325408,118.95765080893803,-117.67559152861261
371,0.1631512196835108,117.53300828428009,-117.36985706459657
8949,1.8225496086027653,118.95765080893803,-117.13510120033526
4734,0.6149776702007219,117.53300828428009,-116.91803061407937
7090,2.2792841189175648,118.95765080893803,-116.67836669002047
1091,0.3077011082441278,116.82068702195112,-116.51298591370698
2600,0.4790058789311482,116.82068702195112,-116.34168114301997
1441,1.4512145394268876,117.53300828428009,-116.0817937448532
361,0.48030699065019067,116.10836575962215,-115.62805876897195
3435,0.4785049320151044,115.39604449729318,-114.91753956527808
1635,0.15863495891559604,114.6837232349642,-114.5250882760486
44665,0.9327293158633168,115.39604449729318,-114.46331518142986
290,0.47751197229550607,114.6837232349642,-114.2062112626687
2186,1.1146187298444006,114.6837232349642,-113.56910450511981
6953,2.0615217805198243,115.39604449729318,-113.33452271677335
1100,0.1515171524096389,113.25908071030626,-113.10756355789663
446,0.30624956866750697,113.25908071030626,-112.95283114163875
73017,1.1670020140018786,113.97140197263523,-112.80439995863335
1556,0.5076297267141909,113.25908071030626,-112.75145098359208
1086,0.6671984752492163,113.25908071030626,-112.59188223505704
1245,1.4395431145571906,113.97140197263523,-112.53185885807804
8665,149.65048760563997,262.1342245370608,-112.48373693142082
175,0.156861774859441,112.5467594479773,-112.38989767311786
1614,0.15957141566993818,112.5467594479773,-112.38718803230735
281,0.16370565544521565,112.5467594479773,-112.38305379253208
267,0.3123892965219722,112.5467594479773,-112.23437015145532
3104,0.4656146567459526,112.5467594479773,-112.08114479123134
1587,1.2909763268051369,113.25908071030626,-111.96810438350113
80463,0.9711331554654643,112.5467594479773,-111.57562629251183
1499,0.4665440654759274,111.83443818564832,-111.3678941201724
2116,0.655408788756533,111.83443818564832,-111.17902939689179
7147,119.67821507189183,230.79208899458635,-111.11387392269452
2423,0.7925056628891185,111.83443818564832,-111.04193252275921
1589,0.17144160057391347,111.12211692331935,-110.95067532274544
1894,0.32448684285471596,111.12211692331935,-110.79763008046464
3264,0.3954947427411202,111.12211692331935,-110.72662218057823
76251,0.4320879004699383,111.12211692331935,-110.69002902284942
2134,0.15520856277015513,110.40979566099038,-110.25458709822023
7444,0.16155546744299637,110.40979566099038,-110.24824019354739
4019,0.16155546744299637,110.40979566099038,-110.24824019354739
56174,2.3353805395140617,112.5467594479773,-110.21137890846323
1566,0.32436916595358434,110.40979566099038,-110.0854264950368
1779,0.4595172455437016,110.40979566099038,-109.95027841544668
1385,0.6292722815384715,110.40979566099038,-109.7805233794519
2405,0.8003952228091434,110.40979566099038,-109.60940043818124
909,0.17905223175104137,109.69747439866141,-109.51842216691037
314,0.31962448892475953,109.69747439866141,-109.37784990973665
428,0.32921630269171426,109.69747439866141,-109.3682580959697
2788,1.1271073259670776,110.40979566099038,-109.28268833502331
4016,0.46981736312637956,109.69747439866141,-109.22765703553503
338,0.15561139140249397,108.98515313633244,-108.82954174492995
3087,0.3129046387520409,108.98515313633244,-108.6722484975804
1945,1.0284152906557742,109.69747439866141,-108.66905910800564
2795,1.1038524172978914,109.69747439866141,-108.59362198136353
3984,0.1572932473495469,108.27283187400347,-108.11553862665393
39183,0.3150256857424113,108.27283187400347,-107.95780618826106
1591,0.49991476802123685,108.27283187400347,-107.77291710598223
379,0.620991174388269,108.27283187400347,-107.6518406996152
8368,163.79101340631175,271.39440094733703,-107.60338754102528
3159,0.15863495891559604,107.5605106116745,-107.4018756527589
3298,0.15863495891559604,107.5605106116745,-107.4018756527589
2857,0.16370565544521565,107.5605106116745,-107.39680495622929
1619,0.32295569388864565,107.5605106116745,-107.23755491778586
3745,1.135802645124498,108.27283187400347,-107.13702922887897
3060,0.9608484111536377,107.5605106116745,-106.59966220052087
1801,1.009439030067052,107.5605106116745,-106.55107158160745
2010,0.8486363996429936,106.84818934934553,-105.99955294970253
663,0.1605440854340214,106.13586808701656,-105.97532400158254
1429,0.1729696904450771,106.13586808701656,-105.96289839657149
3257,0.6408877493685143,106.13586808701656,-105.49498033764804
3263,0.15366188628986424,105.42354682468759,-105.26988493839772
1958,0.3090721215726844,105.42354682468759,-105.11447470311491
1608,182.06163592518,287.06546871857375,-105.00383279339374
4235,1.142277767638111,106.13586808701656,-104.99359031937846
1344,0.16544255391905832,104.71122556235862,-104.54578300843956
4023,0.16604764621593782,104.71122556235862,-104.54517791614268
2985,154.08449992492297,258.5726182254161,-104.48811830049311
2953,1.9803413298598582,106.13586808701656,-104.15552675715671
1254,0.9725831269094285,104.71122556235862,-103.7386424354492
3083,0.3267937767612883,103.99890430002965,-103.67211052326836
930,0.4556842978345348,103.99890430002965,-103.54322000219511
53125,0.617350656112865,103.99890430002965,-103.38155364391679
81,0.15329048865267808,103.28658303770068,-103.13329254904801
3556,1.0012099267626513,103.99890430002965,-102.997694373267
2398,0.30678960232427044,103.28658303770068,-102.97979343537641
1095,0.8429228869303493,103.28658303770068,-102.44366015077033
1013,0.15292486830283214,102.57426177537171,-102.42133690706888
44199,0.31164635111222666,102.57426177537171,-102.26261542425948
68237,0.6124854526174939,102.57426177537171,-101.96177632275422
1257,0.6224495199490991,102.57426177537171,-101.95181225542261
5266,0.6736978465283375,102.57426177537171,-101.90056392884337
3543,0.19342640361727081,101.86194051304274,-101.66851410942547
5782,0.9526301104846511,102.57426177537171,-101.62163166488706
6188,0.31636785017876456,101.86194051304274,-101.54557266286398
1283,0.48165251971001244,101.86194051304274,-101.38028799333273
54272,0.9537118385277861,101.86194051304274,-100.90822867451496
55765,0.30480764106231695,101.14961925071377,-100.84481160965146
605,0.31846377678903254,101.14961925071377,-100.83115547392474
4344,0.5054396437531561,101.14961925071377,-100.64417960696062
8957,0.9426623064724514,101.14961925071377,-100.20695694424131
3504,0.3092350455368783,100.4372979883848,-100.12806294284792
3020,1.102002213755322,101.14961925071377,-100.04761703695844
5810,0.1505149978319906,99.72497672605583,-99.57446172822384
1678,0.31545026088382666,99.72497672605583,-99.40952646517201
57669,0.5037461324611014,99.72497672605583,-99.22123059359473
234,0.15817959093978226,99.01265546372686,-98.85447587278708
926,0.30788221835308827,99.01265546372686,-98.70477324537377
2409,0.31765290063230167,99.01265546372686,-98.69500256309456
56782,0.6517861756239527,99.01265546372686,-98.3608692881029
8950,0.8285429553274049,99.01265546372686,-98.18411250839945
2402,0.15256487060115928,98.30033420139789,-98.14776933079673
2991,0.16794877895704194,98.30033420139789,-98.13238542244085
4901,0.30599059365754466,98.30033420139789,-97.99434360774035
2622,0.30612638923448454,98.30033420139789,-97.99420781216341
55247,0.5053404434093608,98.30033420139789,-97.79499375798852
2318,0.5883695911117302,98.30033420139789,-97.71196461028616
1955,0.15292486830283214,97.58801293906892,-97.43508807076608
257,0.15442266280111014,97.58801293906892,-97.43359027626781
2841,0.15329048865267808,96.87569167673995,-96.72240118808728
8984,0.15329048865267808,96.87569167673995,-96.72240118808728
3409,0.15366188628986424,96.87569167673995,-96.72202979045008
3098,0.16999161628691403,96.87569167673995,-96.70570006045304
3168,0.34069163319320694,96.87569167673995,-96.53500004354675
3593,0.42808433259005974,96.87569167673995,-96.44760734414989
7458,0.6142765587537906,96.87569167673995,-96.26141511798616
92259,0.227670248696953,96.16337041441098,-95.93570016571402
1224,0.3247320892265916,96.16337041441098,-95.83863832518439
4874,1.1321050976638096,96.87569167673995,-95.74358657907614
4105,0.6339601914724087,96.16337041441098,-95.52941022293857
427,0.17070727966372012,95.451049152082,-95.28034187241829
933,0.17219543379409813,95.451049152082,-95.2788537182879
30810,0.49862700497747026,95.451049152082,-94.95242214710454
28,0.15117821092177644,94.73872788975304,-94.58754967883127
2528,0.15292486830283214,94.73872788975304,-94.5858030214502
2411,0.156861774859441,94.73872788975304,-94.5818661148936
8376,0.961852100970526,95.451049152082,-94.48919705111147
4701,0.4729333819559936,94.73872788975304,-94.26579450779704
53996,0.6360576794541387,94.73872788975304,-94.1026702102989
3452,0.21533827903669653,94.02640662742407,-93.81106834838737
66934,0.4800822274150226,94.02640662742407,-93.54632440000904
4299,0.4814570270641774,94.02640662742407,-93.54494960035989
7022,0.5601055815524068,94.02640662742407,-93.46630104587166
5388,0.6366157121723788,94.02640662742407,-93.3897909152517
5956,1.4763955226919563,94.73872788975304,-93.26233236706108
5945,0.15366188628986424,93.3140853650951,-93.16042347880523
4641,0.6089221202224389,93.3140853650951,-92.70516324487265
4128,0.16104477175644444,92.60176410276613,-92.44071933100967
1792,0.17629143438888212,92.60176410276613,-92.42547266837724
163,337.84881775311777,430.2420424466911,-92.3932246935733
1248,0.3142206532772063,92.60176410276613,-92.28754344948892
2232,1.7732389041078216,94.02640662742407,-92.25316772331624
2467,0.15957141566993818,91.88944284043716,-91.72987142476721
81834,0.16104477175644444,91.88944284043716,-91.7283980686807
2986,0.3252824952810789,91.88944284043716,-91.56416034515608
54997,0.15084420062289414,91.17712157810818,-91.02627737748529
5015,0.15329048865267808,91.17712157810818,-91.02383108945551
88125,0.16485085672216038,91.17712157810818,-91.01227072138603
59784,0.17718382013555792,91.17712157810818,-90.99993775797263
3683,0.30548973890399145,91.17712157810818,-90.8716318392042
1588,0.15084420062289414,90.46480031577921,-90.31395611515632
3697,0.15084420062289414,90.46480031577921,-90.31395611515632
26614,0.48935439835555833,90.46480031577921,-89.97544591742366
64957,0.6958681030596016,90.46480031577921,-89.76893221271962
289,0.15256487060115928,89.75247905345024,-89.59991418284909
33004,1.616148230501439,91.17712157810818,-89.56097334760675
351,0.4595571381908563,89.04015779112127,-88.58060065293041
2139,0.15221034671324338,88.3278365287923,-88.17562618207906
575,0.16260831227163416,88.3278365287923,-88.16522821652067
1243,0.32160854069781775,88.3278365287923,-88.00622798809448
1354,0.36541824813037266,88.3278365287923,-87.96241828066194
34048,1.1248755894876292,89.04015779112127,-87.91528220163364
6947,1.9351087325239513,89.75247905345024,-87.81737032092629
45499,0.9556048229080973,88.3278365287923,-87.3722317058842
4015,0.46669068245907186,87.61551526646333,-87.14882458400426
1702,0.15442266280111014,86.90319400413436,-86.74877134133325
181,0.16730017881017412,86.90319400413436,-86.73589382532418
2378,0.31412546468127306,86.90319400413436,-86.5890685394531
3360,0.31986521672016843,86.90319400413436,-86.58332878741419
87232,0.5509313234572112,86.90319400413436,-86.35226268067716
1711,0.1505149978319906,86.19087274180539,-86.0403577439734
233,0.1515171524096389,86.19087274180539,-86.03935558939575
46,0.15186115333086322,86.19087274180539,-86.03901158847452
5225,0.15909880786929415,86.19087274180539,-86.0317739339361
1124,0.1605440854340214,86.19087274180539,-86.03032865637137
36529,0.9404402488837678,86.90319400413436,-85.96275375525059
1015,0.15256487060115928,85.47855147947642,-85.32598660887527
3254,0.15403922195426356,85.47855147947642,-85.32451225752216
4069,0.16207652439312228,85.47855147947642,-85.3164749550833
1260,0.1631512196835108,85.47855147947642,-85.31540025979291
542,0.17718382013555792,85.47855147947642,-85.30136765934087
5630,0.30169320875376704,85.47855147947642,-85.17685827072266
69844,0.3983775283606731,85.47855147947642,-85.08017395111575
3638,0.1631512196835108,84.76623021714745,-84.60307899746394
2004,0.23540891336663824,84.76623021714745,-84.53082130378081
2567,0.3190461006137057,84.76623021714745,-84.44718411653375
8361,0.6385402528378386,84.76623021714745,-84.12768996430961
5064,0.9923294493711919,84.76623021714745,-83.77390076777625
1237,0.31546743455755455,84.05390895481848,-83.73844152026092
940,0.3175765324652214,84.05390895481848,-83.73633242235326
2565,0.15292486830283214,83.34158769248951,-83.18866282418668
3635,0.31615547683651535,83.34158769248951,-83.025432215653
3267,0.31793393625191446,83.34158769248951,-83.0236537562376
953,263.1830700572381,346.18813349187593,-83.0050634346378
33679,1.1019445150911222,84.05390895481848,-82.95196443972736
54259,0.472320790815179,83.34158769248951,-82.86926690167434
537,0.15117821092177644,82.62926643016054,-82.47808821923877
1348,0.15366188628986424,82.62926643016054,-82.47560454387067
2410,0.16155546744299637,82.62926643016054,-82.46771096271755
85414,0.3539525900491175,82.62926643016054,-82.27531384011142
2340,0.49741201420470726,82.62926643016054,-82.13185441595583
91500,0.7335696995044905,82.62926643016054,-81.89569673065606
52973,0.15186115333086322,81.91694516783157,-81.7650840145007
2527,0.1548123827357682,81.91694516783157,-81.7621327850958
533,0.15602106502222501,81.91694516783157,-81.76092410280934
928,0.3327838040568424,81.91694516783157,-81.58416136377473
30812,0.477381005997231,81.91694516783157,-81.43956416183434
195,0.15520856277015513,81.2046239055026,-81.04941534273244
1209,0.16604764621593782,81.2046239055026,-81.03857625928666
3735,0.314583307388285,81.2046239055026,-80.89004059811431
405,0.3740112536448277,81.2046239055026,-80.83061265185778
5872,0.15602106502222501,80.49230264317363,-80.3362815781514
64,0.1905514124267734,80.49230264317363,-80.30175123074686
1081,0.3200129945429518,80.49230264317363,-80.17228964863068
2712,321.7952950970802,401.7491919535334,-79.95389685645318
1023,0.15403922195426356,79.77998138084466,-79.6259421588904
2664,0.33103638804335844,79.77998138084466,-79.4489449928013
1300,0.339871686216479,79.77998138084466,-79.44010969462818
66,0.3659213092596465,79.77998138084466,-79.41406007158501
3744,0.21810429198553155,79.06766011851569,-78.84955582653016
903,293.5291788416126,371.83169893571784,-78.30252009410526
493,0.15256487060115928,78.35533885618672,-78.20277398558557
101,0.25,78.35533885618672,-78.10533885618672
5254,0.1515171524096389,77.64301759385775,-77.49150044144811
3462,0.15329048865267808,77.64301759385775,-77.48972710520508
8529,0.15561139140249397,77.64301759385775,-77.48740620245526
1381,0.1572932473495469,77.64301759385775,-77.4857243465082
31685,0.16730017881017412,77.64301759385775,-77.47571741504757
1217,0.4921482286736217,77.64301759385775,-77.15086936518412
79702,0.5623331320797957,77.64301759385775,-77.08068446177795
520,352.4721582633734,429.52972118436213,-77.05756292098874
911,0.15957141566993818,76.93069633152878,-76.77112491585883
45517,0.16485085672216038,76.93069633152878,-76.76584547480662
77561,0.16929380759878143,76.93069633152878,-76.76140252393
1266,214.74286064486384,291.3393962925474,-76.59653564768357
7323,0.6328771221520599,76.93069633152878,-76.29781920937671
2728,0.15256487060115928,76.21837506919981,-76.06581019859865
1131,0.15561139140249397,76.21837506919981,-76.06276367779732
3654,0.17629143438888212,76.21837506919981,-76.04208363481092
2297,0.21274605355336318,76.21837506919981,-76.00562901564645
27611,0.2559580248098155,76.21837506919981,-75.96241704439
3910,0.36806767093133086,76.21837506919981,-75.85030739826848
2702,0.1505149978319906,75.50605380687084,-75.35553880903885
3328,0.1515171524096389,75.50605380687084,-75.3545366544612
2126,0.16005307325482135,75.50605380687084,-75.34600073361602
1012,0.17219543379409813,75.50605380687084,-75.33385837307674
72011,0.3391012158844744,75.50605380687084,-75.16695259098637
48738,0.15520856277015513,74.79373254454187,-74.63852398177171
951,0.15643778834207153,74.79373254454187,-74.6372947561998
5954,0.16485085672216038,74.79373254454187,-74.62888168781971
61323,0.1686130986895011,74.79373254454187,-74.62511944585236
1211,0.3483965083486317,74.79373254454187,-74.44533603619324
4232,0.35474122317260487,74.79373254454187,-74.43899132136926
2990,0.15329048865267808,74.0814112822129,-73.92812079356023
4639,0.15520856277015513,74.0814112822129,-73.92620271944274
4855,0.30135919845488474,74.0814112822129,-73.78005208375801
3198,0.32704758682633606,74.0814112822129,-73.75436369538656
2072,0.15366188628986424,73.36909001988393,-73.21542813359406
2496,0.15366188628986424,73.36909001988393,-73.21542813359406
63,0.15520856277015513,73.36909001988393,-73.21388145711377
905,0.16207652439312228,73.36909001988393,-73.2070134954908
3246,0.16730017881017412,73.36909001988393,-73.20178984107375
3981,0.19195872000656014,73.36909001988393,-73.17713129987737
550,0.3508915773344272,73.36909001988393,-73.0181984425495
5673,0.46768318500257255,73.36909001988393,-72.90140683488136
996,0.5148421460236182,73.36909001988393,-72.8542478738603
3095,0.1515171524096389,72.65676875755496,-72.50525160514532
82459,0.15186115333086322,72.65676875755496,-72.50490760422409
1021,0.15292486830283214,72.65676875755496,-72.50384388925212
2505,0.15366188628986424,72.65676875755496,-72.50310687126509
33660,0.15602106502222501,72.65676875755496,-72.50074769253273
1280,0.15643778834207153,72.65676875755496,-72.50033096921288
3468,0.1572932473495469,72.65676875755496,-72.49947551020541
7099,0.18316925091363362,72.65676875755496,-72.47359950664132
52722,0.23137821315975915,72.65676875755496,-72.4253905443952
41569,0.4773315262983969,72.65676875755496,-72.17943723125656
1459,0.7678850309412901,72.65676875755496,-71.88888372661367
58998,0.15602106502222501,71.94444749522599,-71.78842643020376
3508,0.1572932473495469,71.94444749522599,-71.78715424787644
53000,0.18920035951687003,71.94444749522599,-71.75524713570911
31410,0.3166207648408348,71.94444749522599,-71.62782673038515
64839,0.31790879954680107,71.94444749522599,-71.62653869567919
66097,0.15773243839286438,70.51980497056805,-70.36207253217518
8810,0.20584683246043448,70.51980497056805,-70.31395813810761
965,0.30605276339304927,70.51980497056805,-70.21375220717499
2950,0.15186115333086322,69.80748370823908,-69.6556225549082
3536,0.15817959093978226,69.80748370823908,-69.6493041172993
56757,0.33369321294655685,69.0951624459101,-68.76146923296355
3156,0.34773984315459905,69.0951624459101,-68.7474226027555
59615,0.605816157144031,69.0951624459101,-68.48934628876607
2404,0.15084420062289414,68.38284118358114,-68.23199698295824
45447,0.15186115333086322,68.38284118358114,-68.23098003025027
112852,0.18665241123894338,68.38284118358114,-68.1961887723422
782,0.23137821315975915,68.38284118358114,-68.15146297042138
4489,0.2559580248098155,68.38284118358114,-68.12688315877132
1096,0.3040715000441066,68.38284118358114,-68.07876968353703
1281,0.1548123827357682,67.67051992125216,-67.5157075385164
5690,0.18003132665669264,67.67051992125216,-67.49048859459548
5878,0.1686130986895011,66.9581986589232,-66.78958556023369
4,0.23540891336663824,66.9581986589232,-66.72278974555655
3037,0.4684768999338059,66.9581986589232,-66.48972175898939
31878,0.1505149978319906,66.24587739659422,-66.09536239876223
3730,0.15561139140249397,66.24587739659422,-66.09026600519174
3438,0.423900040717184,66.24587739659422,-65.82197735587704
950,0.16485085672216038,65.53355613426525,-65.3687052775431
1303,0.1905514124267734,65.53355613426525,-65.34300472183848
6708,0.1605440854340214,64.82123487193628,-64.66069078650226
156,0.1631512196835108,64.82123487193628,-64.65808365225277
51540,0.2103099178571525,64.82123487193628,-64.61092495407914
69481,0.16427204996205025,64.10891360960731,-63.94464155964526
6157,0.15084420062289414,63.39659234727835,-63.24574814665546
109374,0.15329048865267808,63.39659234727835,-63.24330185862567
53322,0.1548123827357682,63.39659234727835,-63.24177996454258
2912,0.16370565544521565,62.68427108494938,-62.52056542950417
810,0.17629143438888212,62.68427108494938,-62.5079796505605
6281,0.3271356350117762,62.68427108494938,-62.3571354499376
2403,0.1505149978319906,61.97194982262041,-61.82143482478842
2808,0.15292486830283214,61.97194982262041,-61.81902495431758
4823,0.16005307325482135,61.97194982262041,-61.81189674936559
2989,0.1515171524096389,60.54730729796247,-60.39579014555283
81562,0.15957141566993818,60.54730729796247,-60.38773588229253
6323,0.32593513772577015,60.54730729796247,-60.2213721602367
2643,0.3485608831107564,60.54730729796247,-60.19874641485171
2973,0.15773243839286438,59.8349860356335,-59.677253597240636
109487,0.16666666666666666,59.8349860356335,-59.668319368966834
15,0.17376534287144002,59.8349860356335,-59.66122069276206
1353,0.1949590218937863,59.8349860356335,-59.64002701373971
464,0.15084420062289414,59.12266477330453,-58.97182057268164
31696,0.22424382421757544,59.12266477330453,-58.898420949086955
828,0.15366188628986424,58.41034351097556,-58.25668162468569
89,0.156861774859441,58.41034351097556,-58.253481736116115
612,0.15817959093978226,58.41034351097556,-58.25216392003578
61240,0.17718382013555792,58.41034351097556,-58.23315969084
1888,0.27023815442731974,58.41034351097556,-58.14010535654824
98809,0.43561922548227067,58.41034351097556,-57.97472428549329
3615,0.15442266280111014,57.69802224864659,-57.54359958584548
6796,0.15520856277015513,57.69802224864659,-57.54281368587643
4728,0.15957141566993818,57.69802224864659,-57.53845083297665
45720,0.16207652439312228,56.98570098631762,-56.823624461924496
2513,0.18790182470910757,56.98570098631762,-56.79779916160851
1227,0.23981246656813146,56.98570098631762,-56.745888519749485
5944,0.33546525958115037,56.98570098631762,-56.65023572673647
94959,0.3628269804122777,56.98570098631762,-56.62287400590534
96610,0.42144160057391344,56.98570098631762,-56.5642593857437
1238,0.15292486830283214,56.27337972398865,-56.120454855685814
3699,0.15909880786929415,56.27337972398865,-56.114280916119355
63876,0.16485085672216038,56.27337972398865,-56.108528867266486
1342,0.18208790046993825,56.27337972398865,-56.09129182351871
1005,0.18316925091363362,56.27337972398865,-56.09021047307501
1078,0.18665241123894338,56.27337972398865,-56.0867273127497
104841,0.37443708690599065,56.27337972398865,-55.898942637082655
55442,0.15366188628986424,55.56105846165968,-55.40739657536981
38038,0.15817959093978226,55.56105846165968,-55.402878870719896
74789,0.17542506358195453,55.56105846165968,-55.38563339807772
96079,0.24465054211822604,55.56105846165968,-55.31640791954145
1035,268.90437319707536,324.10617435967873,-55.201801162603374
7454,0.4,55.56105846165968,-55.16105846165968
6385,0.1505149978319906,54.84873719933071,-54.698222201498716
6754,0.21810429198553155,54.136415937001736,-53.9183116450162
999,0.31546487678572877,54.136415937001736,-53.82095106021601
2107,0.15117821092177644,53.424094674672766,-53.27291646375099
35,0.15256487060115928,53.424094674672766,-53.271529804071605
7373,0.156861774859441,53.424094674672766,-53.26723289981332
34150,0.20801459767650948,53.424094674672766,-53.216080076996256
34319,0.22106472945750374,53.424094674672766,-53.20302994521526
39292,0.15292486830283214,52.711773412343796,-52.55884854404096
3991,0.15773243839286438,52.711773412343796,-52.55404097395093
8981,0.18790182470910757,52.711773412343796,-52.52387158763469
2375,0.2037950470905062,52.711773412343796,-52.50797836525329
86332,0.16427204996205025,51.999452150014825,-51.835180100052774
91542,0.21274605355336318,51.999452150014825,-51.786706096461465
1500,305.29690016195093,356.87295242681006,-51.57605226485913
3359,0.1515171524096389,51.287130887685855,-51.135613735276216
27,0.16207652439312228,51.287130887685855,-51.12505436329273
37741,0.17542506358195453,51.287130887685855,-51.1117058241039
1544,255.7081417921644,305.58582153912624,-49.87767974696183
63992,0.15186115333086322,49.862488363027914,-49.71062720969705
8914,0.16666666666666666,49.862488363027914,-49.69582169636125
1681,0.18428883314870617,49.862488363027914,-49.67819952987921
72378,0.15643778834207153,49.150167100698944,-48.99372931235687
4980,0.1810425967800402,49.150167100698944,-48.969124503918906
258,0.16544255391905832,48.437845838369974,-48.27240328445092
1760,0.16794877895704194,48.437845838369974,-48.26989705941293
1603,0.2890648263178879,48.437845838369974,-48.14878101205208
507,0.1548123827357682,47.725524576041,-47.57071219330523
725,0.156861774859441,47.725524576041,-47.56866280118156
6283,0.1686130986895011,47.725524576041,-47.556911477351505
1727,0.19823986317056053,47.725524576041,-47.52728471287044
2060,0.22424382421757544,47.725524576041,-47.50128075182343
2118,0.16929380759878143,47.01320331371203,-46.84390950611325
2463,0.17144160057391347,47.01320331371203,-46.84176171313812
1004,0.1572932473495469,46.30088205138306,-46.14358880403351
7669,0.16730017881017412,46.30088205138306,-46.13358187257289
5026,0.17219543379409813,46.30088205138306,-46.12868661758896
2459,0.17629143438888212,46.30088205138306,-46.12459061699418
54995,0.15773243839286438,45.58856078905409,-45.43082835066123
33162,0.16005307325482135,45.58856078905409,-45.42850771579927
3763,0.1631512196835108,45.58856078905409,-45.42540956937058
60074,0.15221034671324338,44.87623952672512,-44.724029180011875
39446,0.156861774859441,44.87623952672512,-44.71937775186568
2042,0.1572932473495469,44.87623952672512,-44.71894627937557
5620,0.15909880786929415,44.87623952672512,-44.71714071885583
5152,0.16104477175644444,44.87623952672512,-44.71519475496868
191,0.16370565544521565,44.87623952672512,-44.71253387127991
2088,0.18208790046993825,44.87623952672512,-44.694151626255184
8371,0.3558670261835367,44.87623952672512,-44.52037250054158
3503,0.1515171524096389,44.16391826439615,-44.01240111198651
1006,0.15442266280111014,44.16391826439615,-44.00949560159504
91658,0.15602106502222501,44.16391826439615,-44.00789719937393
8861,0.16104477175644444,44.16391826439615,-44.00287349263971
4103,0.16260831227163416,44.16391826439615,-44.001309952124515
2296,0.19195872000656014,44.16391826439615,-43.97195954438959
7256,0.1505149978319906,43.45159700206718,-43.30108200423519
2279,0.22106472945750374,43.45159700206718,-43.23053227260968
57368,0.34139561304966753,43.45159700206718,-43.11020138901751
2450,0.3563599176916655,43.45159700206718,-43.09523708437552
27660,0.4105197462318516,43.45159700206718,-43.04107725583533
112556,0.15221034671324338,42.73927573973821,-42.587065393024965
1003,0.15909880786929415,42.73927573973821,-42.58017693186892
41285,0.16604764621593782,42.73927573973821,-42.573228093522275
88129,0.17458343004804494,42.73927573973821,-42.564692309690166
27904,0.1781035935540111,42.73927573973821,-42.5611721461842
97921,0.1965616322328226,42.73927573973821,-42.54271410750539
1991,0.15403922195426356,42.02695447740924,-41.87291525545498
3676,0.16544255391905832,42.02695447740924,-41.861511923490184
97304,0.21810429198553155,42.02695447740924,-41.80885018542371
95510,0.1781035935540111,41.31463321508027,-41.13652962152626
1541,0.19342640361727081,41.31463321508027,-41.121206811463
2334,0.27894294565112987,41.31463321508027,-41.03569026942914
8645,0.15256487060115928,40.6023119527513,-40.44974708215014
84152,0.15817959093978226,40.6023119527513,-40.44413236181152
1390,0.15957141566993818,40.6023119527513,-40.44274053708136
53519,0.1631512196835108,40.6023119527513,-40.43916073306779
1726,0.18208790046993825,40.6023119527513,-40.42022405228136
1241,0.16370565544521565,39.88999069042233,-39.72628503497712
330,0.15561139140249397,39.17766942809336,-39.022058036690865
851,0.16005307325482135,39.17766942809336,-39.01761635483854
111759,0.16485085672216038,38.46534816576439,-38.30049730904223
3439,0.16604764621593782,38.46534816576439,-38.29930051954845
102125,0.17376534287144002,38.46534816576439,-38.29158282289295
102445,0.18003132665669264,38.46534816576439,-38.28531683910769
886,0.16427204996205025,37.75302690343542,-37.58875485347337
106487,0.17458343004804494,37.04070564110645,-36.8661222110584
2583,0.17905223175104137,37.04070564110645,-36.861653409355405
106782,0.1854490234153689,37.04070564110645,-36.85525661769108
879,0.20184908658209985,37.04070564110645,-36.83885655452435
5419,0.15221034671324338,36.32838437877748,-36.17617403206423
45672,0.15292486830283214,36.32838437877748,-36.175459510474646
7004,0.16999161628691403,36.32838437877748,-36.158392762490564
2322,0.2,36.32838437877748,-36.128384378777476
2282,0.20584683246043448,36.32838437877748,-36.12253754631704
44022,0.15863495891559604,35.61606311644851,-35.45742815753291
93840,0.1686130986895011,35.61606311644851,-35.44745001775901
106920,0.17144160057391347,35.61606311644851,-35.444621515874594
68791,0.15084420062289414,34.90374185411954,-34.752897653496646
52328,0.1605440854340214,34.90374185411954,-34.74319776868552
48043,0.16929380759878143,34.90374185411954,-34.734448046520754
2606,0.17718382013555792,34.90374185411954,-34.72655803398398
3007,0.18790182470910757,34.90374185411954,-34.71584002941043
1199,261.54518128781007,295.61332386652106,-34.06814257871099
4366,0.16155546744299637,34.19142059179057,-34.02986512434757
5110,0.16999161628691403,34.19142059179057,-34.02142897550365
94864,0.18920035951687003,34.19142059179057,-34.0022202322737
111362,0.15602106502222501,33.4790993294616,-33.323078264439374
801,0.1605440854340214,33.4790993294616,-33.31855524402758
55908,0.16929380759878143,33.4790993294616,-33.30980552186281
106489,0.16260831227163416,32.76677806713263,-32.60416975486099
611,0.16999161628691403,32.76677806713263,-32.59678645084571
48516,371.16778133105106,403.1738344781913,-32.00605314714022
606,0.1548123827357682,32.05445680480366,-31.899644422067887
6552,0.2037950470905062,32.05445680480366,-31.85066175771315
1028,278.7811753966947,310.57207037542884,-31.790894978734116
1399,0.15186115333086322,31.34213554247469,-31.190274389143827
1401,0.15292486830283214,31.34213554247469,-31.189210674171857
6888,0.16207652439312228,31.34213554247469,-31.180059018081568
1216,0.16794877895704194,31.34213554247469,-31.17418676351765
2640,307.228520515866,338.35259960625757,-31.124079090391547
2081,295.27484133890044,326.24313814666556,-30.968296807765114
97938,0.17542506358195453,29.20517175548778,-29.029746691905824
27706,0.17458343004804494,28.49285049315881,-28.318267063110763
1689,0.1810425967800402,27.78052923082984,-27.599486634049796
5146,0.15117821092177644,27.068207968500868,-26.91702975757909
1848,0.1515171524096389,27.068207968500868,-26.91669081609123
7325,0.17376534287144002,27.068207968500868,-26.894442625629427
97752,0.15643778834207153,26.355886706171898,-26.199448917829827
7842,0.15863495891559604,26.355886706171898,-26.197251747256303
97913,0.15329048865267808,24.218922919184987,-24.065632430532307
6857,0.17070727966372012,24.218922919184987,-24.048215639521267
407,0.17219543379409813,24.218922919184987,-24.04672748539089
2092,0.1729696904450771,24.218922919184987,-24.04595322873991
1821,0.16104477175644444,23.506601656856017,-23.345556885099572
497,439.52123055631984,462.29649925149346,-22.775268695173622
6765,0.15084420062289414,21.369637869869106,-21.21879366924621
1034,0.15403922195426356,21.369637869869106,-21.21559864791484
1752,0.16604764621593782,21.369637869869106,-21.20359022365317
44974,0.16155546744299637,20.657316607540135,-20.495761140097137
2596,0.15520856277015513,19.232674082882195,-19.07746552011204
1762,0.1505149978319906,17.095710295895284,-16.945195298063293
160,522.0117745578249,537.0902317960324,-15.078457238207534
2268,359.7628373625858,371.83169893571784,-12.06886157313204
5816,299.24700744012426,304.8735002767973,-5.626492836673037
3527,239.64716672394846,243.61387171650782,-3.9667049925593574
173,468.6715981339585,472.26899692409864,-3.5973987901401188
920,397.5524092449106,398.89990690421763,-1.3474976593070096
708,638.2578325674023,627.555032111808,10.702800455594229
1954,277.66252966517555,261.42190327473185,16.24062639044371
553,544.6760153424793,512.8713088768484,31.804706465630943
1676,354.12083317819156,321.9692105726919,32.151622605499654
44191,369.85485203859776,334.0786720322839,35.77618000631384
8360,336.2136084223854,297.7502876535079,38.46332076887751
3949,396.8342166123506,358.29759495146794,38.536621660882645
1625,436.0620977828908,392.48901554325715,43.57308223963366
1183,552.22118113089,502.89881120424315,49.3223699266469
2194,415.800909257864,339.77724213091545,76.02366712694857
2542,443.9732327446602,356.1606311644811,87.81260158017909
1641,418.1750484885404,325.5308168843366,92.64423160420381
1207,478.97237832916005,381.804196608323,97.16818172083703
1201,388.2184934537198,287.06546871857375,101.15302473514606
786,838.8862952706809,727.2800088378599,111.60628643282098
3948,454.2467939929364,334.79099329461286,119.45580069832351
1234,498.116149520739,369.694735148731,128.42141437200797
3052,473.8329393750081,342.6265271802312,131.20641219477687
1370,422.2255409488625,289.9147537678895,132.31078718097297
1148,572.6004316835275,434.5159700206647,138.0844616628628
555,582.8544158219125,443.063825168612,139.7905906533005
6333,455.9255157330669,314.8459979494025,141.07951778366441
1407,593.3726464726184,430.95436370902,162.41828276359837
1252,566.401072475214,401.03687069120446,165.3642017840096
1278,502.4106107906438,329.0924231959813,173.31818759466245
8636,498.7490551979567,316.9829617363893,181.76609346156738
32587,519.5819797028987,333.366350769955,186.21562893294373
1380,556.6365067713765,364.7084863124284,191.92802045894808
3977,581.4716736246652,385.36580291996773,196.10587070469745
3408,586.5379797633374,385.36580291996773,201.17217684336964
3623,628.8401217243703,419.55722351175694,209.28289821261336
3481,550.0889692343595,340.4895633932444,209.59940584111513
6711,530.5748626762428,313.4213554247446,217.15350725149818
1394,549.5533145688777,324.8184956220077,224.73481894687
2054,666.3645325777976,431.66668497134896,234.69784760644865
5378,607.5004752643839,359.7222374761258,247.77823778825808
4034,672.8064817941652,420.98186603641483,251.82461575775034
1230,709.267595434408,446.62543148025674,262.6421639541513
1090,574.7345602476244,307.72278532611307,267.0117749215113
1304,700.6099776480264,425.9681148727174,274.641862775309
1485,730.3000803496037,455.17328662820404,275.1267937213997
908,744.2946360248657,440.9268613816252,303.36777464324047
2617,664.3618886312705,349.74973980352064,314.6121488277499
350,925.0763851113481,589.0896839460452,335.986701165303
1374,736.4059815282214,387.50276670695456,348.9032148212669
6365,726.5342567486447,371.1193776733889,355.4148790752558
3751,776.3144339580638,401.03687069120446,375.2775632668593
1391,793.1063793600346,395.3383005925729,397.76807876746165
266,1066.6600621591483,665.308059015242,401.35200314390636
1288,783.4402311422323,369.694735148731,413.74549599350127
317,1057.4349633235354,635.3905659974264,422.044397326109
4896,881.3485149542636,411.00936836380964,470.33914659045394
235,983.493993996725,505.03577499122997,478.458219005495
353,898.7182789247511,405.3107982651781,493.40748065957297
2000,847.59205591337,332.65402950762603,514.938026405744
2700,936.7515312931572,414.57097467545435,522.1805566177029
368,1062.8997910262556,502.1864899419142,560.7133010843413
2692,988.8089680514356,403.8861557405202,584.9228123109153
1127,986.1473200532338,393.91365806791504,592.2336619853188
4011,1003.3456411696372,406.735440789836,596.6102003798012
16,1106.0656974177843,489.36470721999325,616.700990197791
1247,1037.8660581948166,403.1738344781913,634.6922237166252
104,1282.3825829787995,646.7877061946895,635.59487678411
509,1262.6739173846222,623.9934258001633,638.6804915844589
1573,1028.1688397693035,327.66778067132344,700.50105909798
5989,1063.7013332601996,336.9279570815997,726.7733761785998
3897,1287.7545952710977,532.1039829597298,755.6506123113679
904,1220.2508588887229,451.61168031655933,768.6391785721635
923,1254.924524798927,482.24149459670383,772.6830302022231
1653,1275.889890883968,445.20078895559885,830.6891019283692
594,1365.3492534036457,518.5698789754799,846.7793744281657
337,1423.6679052506797,573.4186161748084,850.2492890758713
7438,1322.8962945130247,444.4884676932699,878.4078268197547
788,1580.449239418208,701.636443394018,878.81279602419
442,1432.8644906878528,552.0489783049402,880.8155123829126
2324,1483.3471216047296,533.5286254843877,949.8184961203419
4022,1414.316302587593,461.5841779891645,952.7321245984285
11,1644.295962263846,680.9791267864787,963.3168354773672
33794,1431.566029176293,467.995069350125,963.5709598261678
2791,1440.954392334441,446.62543148025674,994.3289608541843
410,1837.4050662923007,837.6898044988459,999.7152617934548
2011,1448.833607648947,418.844902249428,1029.988705399519
2710,1561.2726368845028,515.7205939261642,1045.5520429583387
4878,1515.5068679779042,465.85810556313817,1049.648762414766
2797,1623.4024061058574,423.8311510857306,1199.5712550201267
4027,1637.7703562400848,410.2970471014807,1227.473309138604
474,1879.6735810577645,606.8977155042687,1272.7758655534958
1356,1981.3973541275388,700.2118008693601,1281.1855532581787
2012,1754.330948705306,463.72114177615134,1290.6098069291545
62,2304.4020865684993,936.7024599625688,1367.6996266059305
1584,1892.1109510869385,480.81685207204595,1411.2940990148925
1079,1833.0889921578405,416.7079384624412,1416.3810536953993
1220,1875.7868455229768,435.22829128299367,1440.558554239983
2174,1903.7631352540097,449.4747165295725,1454.2884187244372
440,2120.707113313584,636.8152085220843,1483.8919047914999
508,2079.389695708698,584.1034351097426,1495.2862605989556
1219,1933.266503489409,435.22829128299367,1498.0382122064152
1101,2048.578972197812,450.18703779190145,1598.3919344059107
8961,2154.519285729826,507.88506004054574,1646.6342256892804
5418,2084.6927751072058,425.9681148727174,1658.7246602344883
2502,2261.1000820241916,525.6930915987693,1735.4069904254222
2355,2482.934685360348,505.03577499122997,1977.8989103691179
1246,2568.7074004828655,485.0907796460196,2083.616620836846
58559,3060.6573000795765,862.6210486803589,2198.0362513992177
551,2760.1781106639614,507.1727387782168,2253.005371885745
1225,2836.0208230000703,538.5148743206903,2297.50594867938
1080,2882.403797744814,498.6248836302695,2383.7789141145445
2916,2909.206420396396,426.68043613504636,2482.5259842613495
300,3355.880618442122,811.333917792675,2544.546700649447
1732,2993.0988423561466,420.98186603641483,2572.1169763197317
17,3733.038928510596,963.7706679310686,2769.2682605795276
1259,3240.02976652137,436.65293380765155,2803.3768327137186
36,3765.1973910501897,898.237111796806,2866.9602792533838
1917,3443.5408879043243,527.1177341234272,2916.4231537808973
3147,3495.320276495581,527.1177341234272,2968.2025423721534
19,3813.964536511429,793.5258862344515,3020.4386502769776
2115,3518.249487431508,458.0225716775198,3060.226915753988
1968,3771.0517599631507,534.9532680090456,3236.098491954105
1610,3956.8324051731183,519.9945215001378,3436.8378836729808
2291,4062.6766539319397,433.09132749600684,3629.585326435933
1784,4519.155660078816,554.898263354256,3964.2573967245603
25,5000.7296039050325,935.2778174379109,4065.4517864671216
6874,4652.981922578794,542.788801894664,4110.19312068413
2987,4714.016300449797,499.33720489259844,4214.679095557199
1307,5192.2010829844085,546.3504082063087,4645.850674778099
141,5815.281380602449,995.112803473542,4820.168577128907
1222,5438.678128541701,465.85810556313817,4972.8200229785625
4995,5521.745364223658,543.5011231569929,4978.2442410666645
95,6395.397428677174,1024.3179752290287,5371.079453448145
1517,6030.797051553112,520.7068427624667,5510.090208790645
1387,6146.209746419983,459.4472142021777,5686.7625322178055
2,6510.591911784844,631.8289596857817,5878.762952099063
1393,7026.2027248788645,611.1716430782424,6415.031081800622
7361,7388.18755627932,650.3493125063342,6737.838243772986
3114,7561.692524611126,654.6232400803078,6907.069284530819
339,8076.813093755634,1149.6865173989224,6927.126576356712
1208,7931.920492694885,597.6375390939925,7334.282953600892
750,8474.001881802418,632.5412809481106,7841.460600854308
2706,8826.842137232143,666.0203802775709,8160.821756954572
2329,9008.921026688358,707.3350134926495,8301.586013195709
2918,9147.59824624446,479.39220954738806,8668.206036697073
5349,9664.628603362404,521.4191640247957,9143.209439337608
1258,9918.104874379887,521.4191640247957,9396.685710355092
161,10666.980682292993,1198.8366844996194,9468.143997793373
919,10721.185277097855,521.4191640247957,10199.76611307306
288,11276.519555925252,975.8801293906606,10300.639426534592
6377,11977.667619446998,612.5962856029003,11365.071333844098
778,12157.480297656706,666.7327015398998,11490.747596116806
5445,13063.267133061929,575.5555799617953,12487.711553100133
4886,13191.706000965314,660.3218101789394,12531.384190786375
223,13900.819649473999,685.2530543604523,13215.566595113547
4963,14562.841943899157,562.7337972398743,14000.108146659282
6,15422.275312433372,869.0319400413193,14553.243372392053
21,16057.460643574337,907.4972882070822,15149.963355367256
4973,16904.106689777578,836.265161974188,16067.84152780339
912,17187.47001162997,785.6903523488331,16401.779659281136
1682,17533.808176896422,489.36470721999325,17044.44346967643
185,18686.751051469153,1131.16616457837,17555.58488689078
434,18944.538316622296,1230.1788200420929,17714.359496580204
111,18545.07497601951,760.0467869049912,17785.02818911452
292,19072.488230024046,1243.0006027640138,17829.48762726003
1961,18487.437302069782,629.6919958987949,17857.745306170986
1923,18482.25302684054,599.0621816186504,17883.19084522189
454,19036.214152394765,1133.3031283653568,17902.911024029407
2683,18595.75600491623,670.2943078515445,17925.461697064686
2396,18607.116246627134,659.6094889166104,17947.506757710526
3996,18697.188088966268,708.7596560173074,17988.42843294896
329,19341.979866953207,1345.5748645393815,17996.405002413827
1206,18669.877219816004,576.9802224864532,18092.89699732955
6539,18788.590617465994,647.5000274570184,18141.090590008975
924,18792.348102027838,641.0891360960579,18151.25896593178
293,18871.64783241928,698.7871583447022,18172.860674074578
39,19048.128141606543,863.3333699426878,18184.794771663855
253,19367.188588855017,1141.850983513304,18225.337605341712
3793,18930.763291364823,705.1980497056627,18225.565241659162
208,19436.095502355984,1186.7272230400274,18249.368279315957
1617,19006.41913206421,750.786610494715,18255.632521569496
1213,19011.210709421106,718.7321536899126,18292.47855573119
2997,19057.736821327173,744.3757191337545,18313.36110219342
1200,18969.83226095983,626.8427108494791,18342.98955011035
1221,19297.723900312143,922.45603471599,18375.267865596154
357,19480.094030477718,988.7019121125816,18491.392118365136
586,19414.32627818091,888.2646141242008,18526.06166405671
10,19779.59654519339,1215.932394795514,18563.66415039788
1073,19603.666246676195,1027.8795815406734,18575.78666513552
1089,19275.857067871013,673.1435929008603,18602.71347497015
349,20097.876322077835,1469.5187641846173,18628.357557893218
1527,19269.07263117413,629.6919958987949,18639.380635275334
539,19735.246971361532,1020.044047655055,18715.202923706478
1704,19469.623848564865,692.3762669837417,18777.247581581123
2716,19511.692526165567,705.9103709679916,18805.782155197576
587,19861.130655811998,1020.044047655055,18841.086608156944
2628,19633.1182013379,765.0330357412938,18868.085165596607
1036,19660.864907911273,745.0880403960834,18915.77686751519
733,20133.876476478526,1210.2338246968825,18923.642651781644
4226,19972.667657241345,926.0176410276347,19046.65001621371
1193,20059.176968241703,937.4147812248978,19121.762187016804
1291,19900.78794406539,750.074289232386,19150.713654833
1214,19936.369573443077,767.1699995282806,19169.199573914797
231,20533.077344332243,1345.5748645393815,19187.502479792864
541,20027.954635010694,838.4021257611748,19189.55250924952
316,20658.17810411099,1460.97090903667,19197.20719507432
7153,20342.244719243765,1061.3586808701336,19280.886038373632
4306,20403.01411371035,935.2778174379109,19467.736296272436
1265,20392.495581447678,740.8141128221098,19651.681468625568
736,21103.66866727556,1341.3009369654078,19762.367730310154
1721,20745.499119364547,979.4417357023053,19766.057383662243
153,21458.788421972513,1623.3801568476688,19835.408265124843
34,21083.828927556904,1246.5622090756585,19837.266718481245
1097,21057.9145980964,812.7585603173329,20245.156037779067
3578,21252.699823433,940.2640662742135,20312.435757158786
1197,21333.54357303128,975.8801293906606,20357.663443640617
165,21981.049916363652,1610.5583741257478,20370.491542237905
1240,21293.291654215627,829.1419493508986,20464.14970486473
1136,21583.111654010532,871.8812250906351,20711.2304289199
597,22041.064983867487,1252.26077917429,20788.8042046932
648,22372.38873742925,1482.3405469065383,20890.048190522713
5952,22174.442713241202,1171.0561552687907,21003.38655797241
500,22249.17650773986,1233.0281050914086,21016.14840264845
367,22231.1187807484,1141.850983513304,21089.267797235094
1580,22082.336810127872,855.4978360570694,21226.8389740708
2028,22462.81758496648,1166.069906432488,21296.747678533993
344,23275.978458755973,1785.7894046586675,21490.189054097307
595,23078.278812457193,1511.545718662025,21566.733093795166
4993,22891.199611391403,1271.4934532571715,21619.70615813423
364,23225.47333479663,1450.286090101736,21775.18724469489
2762,22969.572969371253,1134.0154496276857,21835.55751974357
1270,23075.117014307183,1149.6865173989224,21925.430496908262
377,23459.31791222826,1493.7376871038014,21965.58022512446
2959,23585.44323717332,1459.5462665120122,22125.896970661306
858,23737.2818462964,1594.1749850921822,22143.106861204218
380,24388.13332172471,1995.2118557833764,22392.921465941334
47,24611.91467501469,1527.2167864332616,23084.697888581428
588,25009.111741797504,1869.1309923511537,23139.98074944635
608,24967.830365260917,1599.8735551908137,23367.956810070104
1198,24920.90820298847,1364.8075386222629,23556.100664366208
590,26512.479382652356,2164.0319949553727,24348.447387696982
32,26299.392157900416,1851.3229607929302,24448.069197107485
1196,26544.72441186053,1406.8344930996705,25137.88991876086
2858,27238.950501440308,1602.0105189778005,25636.939982462507
592,27978.234733772708,2189.675560399223,25788.559173373484
1210,28120.983051862564,1666.8317538497342,26454.15129801283
780,29536.8373644563,1963.869720240903,27572.967644215398
50,29998.429311118307,1827.816359136075,28170.61295198223
150,31572.247366468728,2225.2916235156813,29346.955742953047
457,32109.887800793782,2235.2641211882897,29874.62367960549
1,34369.75788943499,2063.59469696696,32306.163192468033
527,36018.149238962804,2112.7448640676726,33905.40437489513
2571,37862.09553244767,1804.30975747922,36057.78577496845
589,38133.27016352344,2026.55399132585,36106.71617219759
110,41548.71197419423,2243.8119763362397,39304.89999785799
480,47691.778258385275,2473.8917440685614,45217.88651431671
260,48679.525477841744,2154.7718185450935,46524.75365929665
593,55530.39919996202,2823.6414838721835,52706.757716089836
318,58514.869659630414,3065.118391801772,55449.751267828644
296,75490.0,3067.9676768510885,72422.03232314892
356,76498.0,2975.3659127482965,73522.6340872517
