item,weight_vector,weight,difference
356,10.987365659799632,1618.5875000001192,-1607.6001343403195
593,28.190787979553235,1536.0500000001095,-1507.8592120205562
480,8.271806125530277e-25,1345.7875000000872,-1345.7875000000872
457,1.1241129692208969e-08,1215.975000000072,-1215.9749999888309
110,6.673391061640464,1220.6250000000725,-1213.9516089384322
150,7.726044064694711e-21,1210.5500000000713,-1210.5500000000713
590,1.1130250298388444e-15,1177.2250000000674,-1177.2250000000674
1,1.2266491399882398e-06,1122.587500000061,-1122.5874987734119
589,0.00012760353458774322,1102.4375000000587,-1102.437372396524
588,4.309610991401274e-22,1016.8000000000486,-1016.8000000000486
32,4.355098260124705e-19,1007.1125000000475,-1007.1125000000475
344,3.308722450212111e-24,971.4625000000433,-971.4625000000433
1210,1.0707979343614245,906.7500000000357,-905.6792020656743
608,1.6086170265509463,870.3250000000314,-868.7163829734804
2858,23.776814949247225,871.4875000000316,-847.7106850507844
47,0.13877588181197578,830.8000000000268,-830.6612241182148
595,1.491083882610665e-08,822.2750000000258,-822.274999985115
364,4.207417007657184e-09,788.9500000000219,-788.9499999958144
2571,205.86428372475484,981.5375000000445,-775.6732162752896
231,3.388135020191469e-21,731.9875000000152,-731.9875000000152
34,3.728334994910021e-09,678.1250000000089,-678.1249999962805
2028,1.1156668249350776,634.3375000000037,-633.2218331750687
1270,7.634716135879687e-06,625.4250000000027,-625.4249923652866
2762,0.010588878341740039,616.9000000000017,-616.8894111216599
296,1068.5788796519555,1668.9625000001251,-600.3836203481696
5952,77.72052931105522,637.050000000004,-559.3294706889488
1721,1.6949062017666166e-21,532.8124999999918,-532.8124999999918
17,0.0009597128639568079,524.2874999999908,-524.2865402871269
3578,0.004905220342860185,511.4999999999894,-511.4950947796466
62,6.617698913635703e-24,509.5624999999895,-509.5624999999895
4306,6.776263604855673e-21,508.7874999999895,-508.7874999999895
4226,3.294133792109023,503.74999999998965,-500.4558662078806
36,6.619092041994323e-24,488.6374999999901,-488.6374999999901
1197,46.165914775918836,530.8749999999916,-484.70908522407274
1136,6.205191444705782,474.2999999999905,-468.0948085552847
541,0.009644419712698957,456.08749999999105,-456.07785558027837
1240,1.5060457513730277e-12,451.0499999999912,-451.0499999999897
4993,249.2312124182641,691.6875000000105,-442.4562875817463
1097,8.330371159133885e-28,442.13749999999146,-442.13749999999146
1214,0.0015616151547832796,417.3374999999922,-417.3359383848374
111,0.05501147591241991,413.4624999999923,-413.4074885240799
1617,2.7389533867124723e-10,408.42499999999245,-408.4249999997186
1291,0.0003586072411511371,408.03749999999246,-408.0371413927513
1036,1.3478082461477166e-05,405.32499999999254,-405.3249865219101
2997,1.1301236717132088e-14,404.93749999999255,-404.93749999999255
3996,1.262177448353619e-29,385.5624999999931,-385.5624999999931
1356,3.412971996558878e-24,380.91249999999326,-380.91249999999326
2329,4.3004742747005675,384.78749999999314,-380.4870257252926
293,3.79759202226962e-07,380.1374999999933,-380.13749962023405
1704,0.019982566454873264,376.6499999999934,-376.6300174335385
223,1.3830466373654918e-21,372.7749999999935,-372.7749999999935
1213,18.524147944067963,390.98749999999296,-372.463352055925
1089,0.07812440552228286,366.1874999999937,-366.10937559447143
778,5.896072040056734e-08,362.6999999999938,-362.69999994103307
1196,402.66136159707713,765.3125000000191,-362.65113840294197
4886,5.561469381808133e-26,359.2124999999939,-359.2124999999939
2396,4.50261738918624e-21,358.8249999999939,-358.8249999999939
3114,1.1528872237644168e-09,356.112499999994,-356.1124999988411
7361,0.007291837120073758,353.78749999999405,-353.780208162874
6539,5.63911036481203e-17,352.2374999999941,-352.2374999999941
104,1.0302523422186414e-27,351.8499999999941,-351.8499999999941
4973,105.76034682903258,454.9249999999911,-349.1646531709585
924,7.754691313563068e-16,348.7499999999942,-348.7499999999942
1961,4.764655599983596e-20,342.5499999999944,-342.5499999999944
1200,9.117366852719029e-05,340.99999999999443,-340.9999088263259
6377,4.343091235872707e-21,333.24999999999466,-333.24999999999466
1923,5.169878828456423e-26,325.8874999999949,-325.8874999999949
1208,0.047657865542992034,325.1124999999949,-325.0648421344519
1206,0.0005229820214908212,313.8749999999952,-313.87447701797373
260,866.0791952193183,1172.1875000000668,-306.10830478074854
1307,5.512859014543758e-19,297.2124999999957,-297.2124999999957
4995,1.2609497390156674e-16,295.66249999999576,-295.66249999999576
6874,9.899406227928532e-10,295.27499999999577,-295.27499999900584
1225,3.326904466981653e-11,292.94999999999584,-292.9499999999626
58,1.079688732593497e-06,290.2374999999959,-290.2374989203072
3147,1.1903773947394922e-05,286.749999999996,-286.74998809622207
2502,1.7908346441399317e-15,285.97499999999604,-285.97499999999604
1258,1.9259134977873174e-09,283.6499999999961,-283.6499999980702
919,0.0006615312252286542,283.6499999999961,-283.6493384687709
1610,1.7834567345236635e-26,282.87499999999613,-282.87499999999613
8961,1.859559723772145e-24,276.2874999999963,-276.2874999999963
1080,1.5379411327135384e-24,271.2499999999965,-271.2499999999965
1246,8.813141884671203e-22,263.8874999999967,-263.8874999999967
923,0.422715993657759,262.33749999999674,-261.914784006339
2918,1.0932405411952555e-19,260.7874999999968,-260.7874999999968
33794,3.3930971631044197e-14,254.58749999999694,-254.5874999999969
1222,1.85189373408909e-10,253.42499999999697,-253.42499999981177
4878,6.141319070442359e-08,253.42499999999697,-253.42499993858377
497,5.048709793414476e-29,251.48749999999703,-251.48749999999703
1387,7.242512669969866e-13,249.93749999999707,-249.93749999999636
2791,5.293979270622172e-23,242.96249999999728,-242.96249999999728
1230,5.3216927493885595e-05,242.96249999999728,-242.9624467830698
7438,1.3566257469450794e-20,241.7999999999973,-241.7999999999973
79132,46.8956470131332,285.19999999999607,-238.30435298686285
1259,8.350920985714892e-24,237.53749999999744,-237.53749999999744
1219,0.00014391540987674162,236.76249999999746,-236.7623560845876
265,4.170883706005489e-20,235.2124999999975,-235.2124999999975
5418,4.145195844228642e-25,231.7249999999976,-231.7249999999976
1304,2.786115259058035e-12,231.7249999999976,-231.72499999999482
1732,3.478416279533557e-14,229.0124999999977,-229.01249999999766
2700,2.205276437763443e-25,225.5249999999978,-225.5249999999978
4011,0.0003796447236917795,221.2624999999979,-221.26212035527422
1233,0.012073776793504368,221.2624999999979,-221.2504262232044
2692,7.276033445052868e-12,219.71249999999796,-219.71249999999068
1247,1.5480889652428937e-09,219.32499999999797,-219.32499999844987
48516,0.008585917720690017,219.32499999999797,-219.31641408227728
920,5.887186584919181e-07,216.99999999999804,-216.9999994112794
1252,2.7944514324956917,218.162499999998,-215.3680485675023
1193,295.43185480947227,509.9499999999895,-214.5181451905172
1358,1.1641534476543869e-10,208.86249999999828,-208.86249999988186
246,6.85485086659801e-06,208.0874999999983,-208.08749314514742
1204,0.38963018799417304,204.2124999999984,-203.82286981200423
2268,8.441979200004553e-25,202.27499999999847,-202.27499999999847
903,0.00010597978662616263,202.27499999999847,-202.27489402021183
1288,9.965633787288568e-13,201.1124999999985,-201.1124999999975
913,0.3797345768580518,199.56249999999855,-199.1827654231405
1234,3.0704176167869446,201.1124999999985,-198.04208238321155
3949,1.6781595216527793e-05,194.9124999999987,-194.91248321840348
2542,9.545656377430701e-07,193.74999999999872,-193.74999904543307
953,1.027866653354758,188.32499999999888,-187.29713334664413
1250,0.022106047595459363,186.38749999999894,-186.36539395240348
333,6.462348535570529e-27,182.51249999999905,-182.51249999999905
44191,7.814159202045563e-18,181.73749999999907,-181.73749999999907
32587,1.3240001619514275e-23,181.34999999999908,-181.34999999999908
2804,7.573001514196527e-08,180.18749999999912,-180.1874999242691
1278,7.950332053789507e-23,179.02499999999915,-179.02499999999915
60069,9.578831322154337e-07,178.24999999999918,-178.24999904211603
908,62.12868615400569,239.86249999999737,-177.73381384599168
1035,0.00027771869191898114,176.31249999999923,-176.3122222813073
59315,1.4333494175057224e-14,175.53749999999926,-175.53749999999923
1242,2.8343453312396326e-20,170.8874999999994,-170.8874999999994
1028,1.1712883658420369e-23,168.94999999999945,-168.94999999999945
910,2.6941480391469567e-07,166.62499999999952,-166.6249997305847
1276,1.300375357914277e-05,164.68749999999957,-164.687486996246
1199,1.391956877083739e-06,160.8124999999997,-160.8124986080428
1266,1.7165613297609217e-27,158.48749999999976,-158.48749999999976
72998,5.684354150627029e-14,156.9374999999998,-156.93749999999974
899,2.9376744131562447,159.64999999999972,-156.71232558684346
1201,0.0367279178226932,156.16249999999982,-156.12577208217712
1203,48.65849268427389,201.1124999999985,-152.45400731572462
914,1.0280763300064298e-12,152.28749999999994,-152.28749999999891
29,5.904899010461028e-17,150.35,-150.35
969,1.125385519093223e-06,150.35,-150.34999887461447
68157,4.726847462549867e-10,149.18750000000003,-149.18749999952735
5618,59.56155268445614,207.31249999999832,-147.7509473155422
8368,8.330371159133885e-28,147.63750000000007,-147.63750000000007
1293,1.1458646200621715e-13,145.70000000000013,-145.70000000000002
48780,9.409247077172389e-08,145.70000000000013,-145.69999990590765
54286,1.572352097571364e-10,144.92500000000015,-144.92499999984292
1997,9.094957895882406e-13,144.53750000000016,-144.53749999999926
1954,1.3631014111371857e-20,142.21250000000023,-142.21250000000023
3421,8.573094183974785e-14,141.82500000000024,-141.82500000000016
68954,7.646155982339557e-06,140.2750000000003,-140.2749923538443
1172,1.3686305752013768,140.66250000000028,-139.2938694247989
48394,1.3354924631646933e-17,138.72500000000034,-138.72500000000034
1263,4.443321905094277e-22,137.17500000000038,-137.17500000000038
1262,0.07067127801044312,135.23750000000044,-135.16682872199
306,4.7620819639002186e-05,132.13750000000053,-132.1374523791809
3000,6.208268961069139e-06,129.4250000000006,-129.42499379173165
5995,3.1082764587850045e-11,129.03750000000062,-129.03749999996953
63082,4.733165431326071e-30,125.93750000000064,-125.93750000000064
1223,0.2595147658815112,123.22500000000062,-122.96548523411911
55820,2.3328629563002497e-10,122.06250000000061,-122.06249999976733
33493,3.2311742677852644e-27,121.67500000000061,-121.67500000000061
40815,2.076534338031374e-25,121.2875000000006,-121.2875000000006
1272,9.886339733787116e-06,119.7375000000006,-119.73749011366085
307,1.3885098913288558e-14,115.86250000000057,-115.86250000000055
800,7.80666768606359e-06,114.31250000000055,-114.31249219333287
1287,3.735249185052653e-18,113.53750000000055,-113.53750000000055
1244,5.222839977350718e-09,113.15000000000055,-113.1499999947777
30749,7.683513645306674e-15,112.76250000000054,-112.76250000000053
1228,1.692465561996407e-05,111.98750000000054,-111.98748307534491
1022,4.0389678347315804e-28,108.88750000000051,-108.88750000000051
68358,1.295540591325881e-07,108.11250000000051,-108.11249987044646
4262,5.195932529526776e-20,107.7250000000005,-107.7250000000005
1235,1.4273889308898454e-14,107.3375000000005,-107.33750000000049
232,5.607356872154075e-19,106.9500000000005,-106.9500000000005
1267,0.0010071732204545573,105.78750000000049,-105.78649282678003
69122,1.5777218104420236e-30,105.40000000000049,-105.40000000000049
3275,6.946319802883802e-05,101.91250000000046,-101.91243053680243
898,1.6486161679400169,103.46250000000047,-101.81388383206045
3552,4.440893175386512e-16,99.97500000000045,-99.97500000000045
1269,2.7939686163066395e-09,99.97500000000045,-99.97499999720648
2686,7.049731210154473e-24,99.58750000000045,-99.58750000000045
3396,7.573064690121713e-29,99.20000000000044,-99.20000000000044
1947,1.3732490638087374e-26,98.81250000000044,-98.81250000000044
34405,2.578227571839381e-10,98.81250000000044,-98.81249999974261
162,6.758003689417593e-17,97.65000000000043,-97.65000000000043
1041,5.843542787448274e-11,97.65000000000043,-97.649999999942
1231,4.1359030627651384e-25,96.87500000000043,-96.87500000000043
1175,8.635155458475075e-25,96.87500000000043,-96.87500000000043
1104,4.239546953263313e-21,96.87500000000043,-96.87500000000043
1299,3.3330044416130573e-08,96.87500000000043,-96.87499996667039
33166,7.205146419964282e-21,91.83750000000039,-91.83750000000039
81845,7.659833770430447e-09,86.02500000000035,-86.02499999234051
916,3.7774957818190536e-07,84.08750000000033,-84.08749962225076
1952,1.067844782904916e-22,82.53750000000032,-82.53750000000032
1207,125.89914178407071,207.6999999999983,-81.8008582159276
78499,0.0003401888699075687,81.76250000000032,-81.7621598111304
89745,0.0009573306184495652,81.37500000000031,-81.37404266938186
5971,0.19802770615911292,79.4375000000003,-79.23947229384119
1884,6.468659422812297e-27,77.50000000000028,-77.50000000000028
1284,4.337545986953816,81.37500000000031,-77.0374540130465
31658,5.786984399364132e-06,76.72500000000028,-76.72499421301588
954,2.992364608378515e-08,74.78750000000026,-74.78749997007662
91529,0.005394494814891776,74.40000000000026,-74.39460550518537
76093,6.007652957611512e-08,73.62500000000026,-73.62499993992373
27773,2.0167356016328436e-05,72.07500000000024,-72.07497983264423
54001,9.80924757036461e-19,71.68750000000024,-71.68750000000024
994,1.0587993251124173e-22,71.68750000000024,-71.68750000000024
1537,6.141678496923536e-11,71.68750000000024,-71.68749999993882
99114,0.0003873285412606156,71.68750000000024,-71.68711267145898
2067,4.309357798605134e-25,71.30000000000024,-71.30000000000024
64614,8.470589985968344e-22,70.13750000000023,-70.13750000000023
1256,0.006145519346010071,68.20000000000022,-68.19385448065421
1982,6.776263579612125e-21,67.03750000000021,-67.03750000000021
44665,6.310887241768095e-30,62.77500000000018,-62.77500000000018
290,2.6486452965789637e-23,62.38750000000018,-62.38750000000018
2186,0.027535013053977844,62.38750000000018,-62.3599649869462
1086,3.019836877266889e-14,61.612500000000175,-61.612500000000146
2795,2.2283949988074117e-17,59.67500000000016,-59.67500000000016
909,7.105429072411725e-15,59.67500000000016,-59.67500000000015
1945,0.04187900110542163,59.67500000000016,-59.63312099889474
4235,1.7347267847497444e-18,57.737500000000146,-57.737500000000146
1254,0.04147424527078641,56.96250000000014,-56.92102575472936
3083,5.169080957647765e-16,56.57500000000014,-56.57500000000014
2398,2.5261560843599466e-16,56.187500000000135,-56.187500000000135
68237,1.421183559763338e-14,55.80000000000013,-55.80000000000012
5782,0.00030688220844960265,55.80000000000013,-55.79969311779168
1283,1.0945016962514338e-09,55.41250000000013,-55.41249999890563
8957,5.206481974458678e-29,55.02500000000013,-55.02500000000013
82,0.0444993273986245,55.02500000000013,-54.9805006726015
3504,7.105427357615542e-15,54.637500000000124,-54.63750000000012
930,2.6248126429290872,56.57500000000014,-53.95018735707105
56782,3.1554436208840472e-30,53.86250000000012,-53.86250000000012
8533,2.7375382564196137e-12,53.86250000000012,-53.86249999999738
55247,7.275957614635512e-12,53.475000000000115,-53.47499999999284
1224,0.004375260275315533,52.31250000000011,-52.30812473972479
933,1.7347235825929362e-17,51.925000000000104,-51.925000000000104
28,1.1182614666685513e-07,51.5375000000001,-51.537499888173954
66934,0.1257532953941867,51.1500000000001,-51.024246704605915
81834,6.415918387977668e-06,49.98750000000009,-49.987493584081705
3683,5.315466263958582e-23,49.60000000000009,-49.60000000000009
88125,0.00629754964857312,49.60000000000009,-49.593702450351515
26614,6.498286158256992e-05,49.212500000000084,-49.2124350171385
1243,2.6902207906390077e-25,48.050000000000075,-48.050000000000075
1147,0.12142470168565116,47.27500000000007,-47.153575298314415
1248,3.448951826180397,50.37500000000009,-46.926048173819694
955,2.7296127866458642e-12,46.500000000000064,-46.499999999997335
69844,1.4694386019702956e-11,46.500000000000064,-46.49999999998537
940,2.1938499265012764e-19,45.72500000000006,-45.72500000000006
1237,0.00015908489714144808,45.72500000000006,-45.72484091510292
2324,244.8384330463362,290.2374999999959,-45.39906695365971
6787,1.13588932901965e-17,45.337500000000055,-45.337500000000055
928,2.0013775676011923e-05,44.56250000000005,-44.562479986224375
1209,0.012977677524824543,44.17500000000005,-44.162022322475224
6350,1.4902079807986388e-08,43.787500000000044,-43.787499985097966
1300,8.602948129426637e-22,43.40000000000004,-43.40000000000004
1023,2.980527938590858e-08,43.40000000000004,-43.39999997019476
3462,0.026393401497461555,42.23750000000003,-42.211106598502575
1217,0.21469230529627673,42.23750000000003,-42.02280769470376
911,2.329215912558893e-08,41.85000000000003,-41.84999997670787
27611,3.664795860279342e-05,41.46250000000003,-41.462463352041425
1131,0.08288774922066175,41.46250000000003,-41.37961225077937
1211,9.888132829735649e-09,40.68750000000002,-40.68749999011189
951,0.02799396825929509,40.68750000000002,-40.659506031740726
5291,1.2154760667502371,41.85000000000003,-40.634523933249795
3088,1.7347369863399915e-18,39.912500000000016,-39.912500000000016
905,0.317500217361835,39.912500000000016,-39.59499978263818
3095,3.650894120513711e-11,39.52500000000001,-39.524999999963505
8132,6.419670560464784e-08,39.52500000000001,-39.52499993580331
7099,5.760814824159987e-06,39.52500000000001,-39.52499423918519
3468,0.0010741312711051942,39.52500000000001,-39.52392586872891
1280,0.013054767681612296,39.52500000000001,-39.5119452323184
31410,8.69189033477857e-25,39.13750000000001,-39.13750000000001
3089,0.011092872508022511,39.13750000000001,-39.12640712749199
965,1.6802106192483375e-24,38.362500000000004,-38.362500000000004
112852,2.6418732832514124e-15,37.199999999999996,-37.199999999999996
1446,8.455851380693182e-13,37.199999999999996,-37.19999999999915
40629,8.077935669463161e-28,36.81249999999999,-36.81249999999999
1281,7.276956853376987e-12,36.81249999999999,-36.81249999999272
5690,5.382525713204199e-05,36.81249999999999,-36.81244617474286
3730,1.5262524828156097e-05,36.03749999999999,-36.03748473747516
1303,2.804048955456049e-17,35.649999999999984,-35.649999999999984
1719,7.554835692323866e-24,35.26249999999998,-35.26249999999998
2357,6.878430692202941e-05,34.87499999999998,-34.87493121569306
109374,8.677121136865021e-20,34.487499999999976,-34.487499999999976
2132,7.108770991299842e-09,34.487499999999976,-34.4874999928912
2731,0.21430924877484026,34.487499999999976,-34.27319075122514
714,5.884902352948748e-27,34.09999999999997,-34.09999999999997
950,1.7712038350981931,35.649999999999984,-33.87879616490179
1251,1.1547126248937638e-05,33.71249999999997,-33.71248845287372
2973,4.336833918155529e-19,32.54999999999996,-32.54999999999996
109487,0.0025447673155533377,32.54999999999996,-32.547455232684406
1132,6.41888803494318e-05,32.16249999999996,-32.16243581111961
61240,4.362219746675001e-19,31.77499999999996,-31.77499999999996
98809,6.938893904345835e-18,31.77499999999996,-31.77499999999996
6331,8.470330103631728e-22,31.38749999999996,-31.38749999999996
1950,1.124314928683378e-11,31.38749999999996,-31.387499999988716
94959,5.048709793414476e-29,30.99999999999996,-30.99999999999996
55442,5.169878828456423e-26,30.224999999999962,-30.224999999999962
1260,17.27348684078071,46.500000000000064,-29.226513159219355
4857,5.306971967503343e-23,28.674999999999965,-28.674999999999965
3983,4.774896219379437e-11,28.287499999999966,-28.287499999952217
7156,8.901468381772537e-06,28.287499999999966,-28.287491098531586
3359,2.169503005227825e-18,27.899999999999967,-27.899999999999967
942,7.122083411593911e-06,27.899999999999967,-27.899992877916556
581,4.235445649639851e-22,27.512499999999967,-27.512499999999967
213,1.871877889009009e-09,27.124999999999968,-27.12499999812809
92259,25.40580158048526,52.31250000000011,-26.906698419514846
1218,0.0004884086809639941,26.73749999999997,-26.737011591319003
678,0.07040980275609,26.73749999999997,-26.66709019724388
3196,0.0002971464024668243,26.34999999999997,-26.349702853597503
3334,2.6469779601696886e-23,25.96249999999997,-25.96249999999997
1264,2.168421437930217e-19,25.96249999999997,-25.96249999999997
8228,1.881498473522965e-09,25.96249999999997,-25.96249999811847
3429,0.07012708460600339,25.18749999999997,-25.117372915393968
3035,6.524499273253644e-08,24.799999999999972,-24.79999993475498
116,3.0942376245435696e-07,24.799999999999972,-24.79999969057621
1189,0.0026872634965652356,24.799999999999972,-24.797312736503407
599,4.237813399869654e-22,24.412499999999973,-24.412499999999973
1273,6.722542374371363e-10,24.412499999999973,-24.412499999327718
2360,0.5270779478209862,24.799999999999972,-24.272922052178988
4144,8.418967207080109e-16,24.024999999999974,-24.024999999999974
7256,1.9073559836660024e-06,23.637499999999974,-23.63749809264399
112556,3.1554436208840472e-30,23.249999999999975,-23.249999999999975
72641,1.5903893754612086e-20,23.249999999999975,-23.249999999999975
1927,8.346148377238305e-28,22.474999999999977,-22.474999999999977
97,8.744149734954039e-22,22.474999999999977,-22.474999999999977
2068,3.2311742677852644e-27,22.474999999999977,-22.474999999999977
1734,3.8476422079929753e-11,22.474999999999977,-22.4749999999615
945,1.2328215888596775e-10,22.087499999999977,-22.087499999876695
2859,0.0006806053367966574,22.087499999999977,-22.08681939466318
2203,0.1701231044731043,21.31249999999998,-21.142376895526873
102445,5.299433675801923e-22,20.92499999999998,-20.92499999999998
926,33.28505658978169,53.86250000000012,-20.57744341021843
2208,8.031706661866474e-09,20.53749999999998,-20.537499991968275
96821,5.561588384568021e-19,20.14999999999998,-20.14999999999998
2575,4.1359030627651384e-25,19.76249999999998,-19.76249999999998
8014,7.126394265333327e-15,19.76249999999998,-19.762499999999974
3741,5.746167570692443e-14,19.76249999999998,-19.762499999999925
3469,2.4744050849144875e-06,19.76249999999998,-19.762497525594895
1361,0.01778405769819338,19.76249999999998,-19.744715942301788
2843,2.8301333026096592e-08,19.374999999999982,-19.37499997169865
3811,1.8191005412679423e-12,18.987499999999983,-18.987499999998164
3819,4.882352004699348e-07,18.599999999999984,-18.599999511764782
1046,0.002878048742796642,18.599999999999984,-18.597121951257186
5008,0.11283367562346622,18.212499999999984,-18.099666324376518
1066,4.475592924904684e-16,17.824999999999985,-17.824999999999985
106489,4.440892123722876e-16,17.824999999999985,-17.824999999999985
3467,3.469446951953614e-18,17.437499999999986,-17.437499999999986
88810,7.970774727308451e-16,17.049999999999986,-17.049999999999986
52435,2.753023832412243e-20,17.049999999999986,-17.049999999999986
947,9.560882325503404e-11,17.049999999999986,-17.04999999990438
3629,0.0004908183616917959,17.049999999999986,-17.049509181638296
326,0.0010654669772178571,17.049999999999986,-17.04893453302277
112290,2.5849394142282115e-26,16.662499999999987,-16.662499999999987
3097,1.067107923710567e-25,16.662499999999987,-16.662499999999987
8827,3.388235773506284e-21,16.662499999999987,-16.662499999999987
116797,2.9324048217272523e-09,16.662499999999987,-16.66249999706758
1232,0.0029585680814332993,16.662499999999987,-16.659541431918555
1949,0.006656382814315418,16.662499999999987,-16.65584361718567
906,1.3878649534132263e-17,16.274999999999988,-16.274999999999988
4427,1.2789872273306477e-13,16.274999999999988,-16.27499999999986
4914,1.0653968670522028e-21,15.887499999999989,-15.887499999999989
467,9.237090259364272e-13,15.49999999999999,-15.499999999999066
4406,6.310887241768094e-29,15.11249999999999,-15.11249999999999
2726,2.014451841950575e-06,15.11249999999999,-15.112497985548147
77455,6.617444900424222e-24,14.337499999999991,-14.337499999999991
665,1.5185895789669733e-11,13.949999999999992,-13.949999999984806
1939,0.005893802959040711,13.949999999999992,-13.944106197040952
71899,1.1123916360658525e-16,13.562499999999993,-13.562499999999993
26131,4.700664123965656e-05,13.562499999999993,-13.562452993358754
3365,2.1332849915529734e-25,13.174999999999994,-13.174999999999994
3091,7.741620504124704e-12,13.174999999999994,-13.174999999992252
3801,5.820969187277846e-11,13.174999999999994,-13.174999999941784
3677,2.1351960287026025e-09,13.174999999999994,-13.174999997864797
1226,4.102076707149261e-28,12.787499999999994,-12.787499999999994
59387,5.823711151377878e-20,12.787499999999994,-12.787499999999994
7669,12.83061242891663,25.18749999999997,-12.356887571083341
2935,0.6391745415857759,12.787499999999994,-12.148325458414218
2927,2.672842500441351e-23,12.012499999999996,-12.012499999999996
7063,3.391442507285504e-21,12.012499999999996,-12.012499999999996
615,2.1994073126285986e-25,12.012499999999996,-12.012499999999996
5147,5.7249193556455145e-05,12.012499999999996,-12.01244275080644
7327,0.43365685330616177,12.399999999999995,-11.966343146693834
936,1.365846466911524e-20,11.237499999999997,-11.237499999999997
2624,3.098869672205217e-23,11.237499999999997,-11.237499999999997
65514,8.47037194481414e-22,11.237499999999997,-11.237499999999997
214,2.7097993046521717e-05,11.237499999999997,-11.237472902006951
3077,0.0006325532895801291,11.237499999999997,-11.236867446710416
8154,2.5849394142282115e-26,10.849999999999998,-10.849999999999998
96,2.082592789783471e-28,10.462499999999999,-10.462499999999999
7132,4.163407226506059e-15,10.462499999999999,-10.462499999999995
78772,5.551115123125783e-17,9.6875,-9.6875
5385,1.5777218104420236e-30,9.6875,-9.6875
30803,1.1162812535874568e-15,9.6875,-9.687499999999998
27815,3.5528839557630655e-15,9.6875,-9.687499999999996
2936,1.8340789179793663e-12,9.6875,-9.687499999998167
71033,1.9553033489728882e-10,9.6875,-9.68749999980447
3090,3.073467284540191e-08,9.6875,-9.687499969265327
3470,5.326568382835253e-06,9.6875,-9.687494673431617
60487,2.7105054315293054e-20,9.3,-9.3
7116,1.0056061187290024e-23,9.3,-9.3
7766,2.099456057998304e-09,9.3,-9.299999997900544
2330,0.002634944524563759,9.3,-9.297365055475437
86345,3.644735504210532,12.787499999999994,-9.142764495789462
80906,2.842561266498317e-14,8.912500000000001,-8.912499999999973
62336,2.328730426431675e-10,8.912500000000001,-8.912499999767128
1236,7.614414061967561e-05,8.912500000000001,-8.912423855859382
4187,1.406207356884509e-23,8.525000000000002,-8.525000000000002
1809,4.733165431326071e-30,8.525000000000002,-8.525000000000002
57504,5.048709793414476e-29,8.525000000000002,-8.525000000000002
104374,4.799549403278603e-14,8.525000000000002,-8.524999999999954
73881,2.008228259958577e-09,8.525000000000002,-8.524999997991774
96829,3.88483098062131e-07,8.525000000000002,-8.524999611516904
2905,0.17064451365034972,8.525000000000002,-8.354355486349652
907,8.077935669463161e-28,8.137500000000003,-8.137500000000003
2488,4.0389678347315804e-28,8.137500000000003,-8.137500000000003
7064,5.97052162934229e-16,8.137500000000003,-8.137500000000003
55721,2.780419146541978e-26,8.137500000000003,-8.137500000000003
6777,5.048709793414476e-29,8.137500000000003,-8.137500000000003
26133,1.609414759196287e-11,8.137500000000003,-8.137499999983909
106642,1.1921657978081417e-07,8.137500000000003,-8.137499880783423
363,1.376430478150571e-20,7.750000000000003,-7.750000000000003
27251,5.865689365621156e-16,7.750000000000003,-7.750000000000002
7013,7.775566952384169e-06,7.750000000000003,-7.749992224433051
26729,8.673635991479372e-19,7.3625000000000025,-7.3625000000000025
7215,8.818216947104686e-19,7.3625000000000025,-7.3625000000000025
3789,6.098660661390533e-20,7.3625000000000025,-7.3625000000000025
824,8.673617379884035e-19,7.3625000000000025,-7.3625000000000025
66371,7.105427464211442e-15,7.3625000000000025,-7.362499999999995
1900,0.08081337681241095,7.3625000000000025,-7.281686623187592
74324,2.862889193047362e-17,6.975000000000002,-6.975000000000002
89774,4.368601662794903e-22,6.975000000000002,-6.975000000000002
9010,2.84240870732165e-14,6.975000000000002,-6.974999999999974
85774,2.4738257347691484e-10,6.975000000000002,-6.97499999975262
3224,3.20957814398948e-07,6.975000000000002,-6.974999679042188
2937,0.02557185208856118,6.975000000000002,-6.9494281479114415
26150,0.04361771887597503,6.975000000000002,-6.931382281124027
86347,1.8607377414652437,8.525000000000002,-6.664262258534759
27156,5.048709793414476e-29,6.587500000000002,-6.587500000000002
72129,8.077935669463161e-28,6.587500000000002,-6.587500000000002
112552,0.002454024275704776,6.587500000000002,-6.585045975724297
4928,1.4429364454769157e-20,6.200000000000002,-6.200000000000002
3634,1.406096271552656e-17,6.200000000000002,-6.200000000000002
7234,1.4182958632963083e-16,6.200000000000002,-6.200000000000002
38304,1.6940658945086007e-21,6.200000000000002,-6.200000000000002
8477,2.1073275738648393e-15,6.200000000000002,-6.2
6650,1.1687042701185448e-10,6.200000000000002,-6.199999999883132
7700,0.0002597099847729693,6.200000000000002,-6.199740290015229
63433,6.643120819399166e-19,5.812500000000002,-5.812500000000002
7075,4.149408361462522e-28,5.812500000000002,-5.812500000000002
4422,8.062897064048729e-17,5.812500000000002,-5.812500000000002
4783,8.881784197001252e-16,5.812500000000002,-5.812500000000001
2609,1.7929436851132383e-15,5.812500000000002,-5.8125
7587,7.559940445948551e-08,5.812500000000002,-5.812499924400598
2066,0.0010485361681274868,5.812500000000002,-5.811451463831874
3415,0.09718545851693966,5.812500000000002,-5.715314541483062
5017,3.469447495682304e-18,5.425000000000002,-5.425000000000002
26903,1.0097419586828951e-28,5.425000000000002,-5.425000000000002
6254,3.991188107424154e-23,5.425000000000002,-5.425000000000002
96488,1.323499077504431e-23,5.425000000000002,-5.425000000000002
77846,1.5777218104420236e-30,5.425000000000002,-5.425000000000002
1312,2.220446053177294e-16,5.425000000000002,-5.425000000000002
65188,2.3976624264326526e-07,5.425000000000002,-5.424999760233759
7767,0.06833399491766437,5.425000000000002,-5.356666005082337
86377,7.069655742270743,12.399999999999995,-5.330344257729252
6509,3.463299586817987e-23,5.037500000000001,-5.037500000000001
2607,8.756203380128229e-19,5.037500000000001,-5.037500000000001
89759,5.469896514663906e-23,5.037500000000001,-5.037500000000001
31364,2.775562855519127e-17,5.037500000000001,-5.037500000000001
8580,2.1692961211605965e-18,5.037500000000001,-5.037500000000001
50851,1.262177448353619e-29,5.037500000000001,-5.037500000000001
1572,2.2915469040398896e-13,5.037500000000001,-5.037499999999772
6783,8.630332103582143e-06,5.037500000000001,-5.037491369667898
26649,2.1895801767744783e-18,4.650000000000001,-4.650000000000001
6460,1.6155871338926322e-27,4.650000000000001,-4.650000000000001
3038,8.382440072978026e-09,4.650000000000001,-4.649999991617562
26528,0.002181783191332807,4.650000000000001,-4.647818216808669
3989,1.2924697071141057e-26,4.262500000000001,-4.262500000000001
5839,5.294120161179844e-23,4.262500000000001,-4.262500000000001
26471,3.581425076569297e-15,4.262500000000001,-4.2624999999999975
31116,1.864475022383466e-09,4.262500000000001,-4.262499998135526
5475,1.3286588589133007e-23,3.875000000000001,-3.875000000000001
1169,1.5777218104420236e-30,3.875000000000001,-3.875000000000001
27727,4.336808689942018e-19,3.875000000000001,-3.875000000000001
7762,5.169878828456423e-26,3.875000000000001,-3.875000000000001
3456,2.282757455160224e-13,3.875000000000001,-3.8749999999997726
2839,4.805953044604626e-07,3.875000000000001,-3.8749995194046964
8491,2.696411297706639e-23,3.4875000000000007,-3.4875000000000007
6375,6.310887241768095e-30,3.4875000000000007,-3.4875000000000007
7833,6.230107885073463e-25,3.4875000000000007,-3.4875000000000007
3746,1.538270728660501e-19,3.4875000000000007,-3.4875000000000007
99813,7.111643203454224e-14,3.4875000000000007,-3.4874999999999297
7505,4.831706678316215e-13,3.4875000000000007,-3.4874999999995175
8656,1.27279308435381e-07,3.4875000000000007,-3.4874998727206923
7566,7.759655422421597e-07,3.4875000000000007,-3.4874992240344587
4432,8.2188754313743e-06,3.4875000000000007,-3.4874917811245694
2925,3.925004893025648e-05,3.4875000000000007,-3.4874607499510706
26326,0.0015451025900597827,3.4875000000000007,-3.485954897409941
8125,0.0034418458621566167,3.4875000000000007,-3.484058154137844
6985,4.89851169500794,8.137500000000003,-3.2389883049920627
6643,0.3217612713684072,3.4875000000000007,-3.1657387286315934
78160,6.669030092738434e-27,3.1000000000000005,-3.1000000000000005
7832,2.646983008879482e-23,3.1000000000000005,-3.1000000000000005
601,1.0349855076499675e-25,3.1000000000000005,-3.1000000000000005
2493,8.502658688489907e-21,3.1000000000000005,-3.1000000000000005
98203,4.0389678347315804e-28,3.1000000000000005,-3.1000000000000005
8199,7.202537618373417e-15,3.1000000000000005,-3.0999999999999934
36363,1.862645593383354e-09,3.1000000000000005,-3.099999998137355
84847,3.7253872336431805e-09,3.1000000000000005,-3.0999999962746134
31193,3.843657995739059e-09,3.1000000000000005,-3.0999999961563427
8620,1.5181091516537468e-08,3.1000000000000005,-3.099999984818909
4312,5.2262251016103055e-08,3.1000000000000005,-3.0999999477377496
25750,1.0413595697359798e-06,3.1000000000000005,-3.099998958640431
27002,3.328061812309855e-06,3.1000000000000005,-3.099996671938188
95858,0.27607072976423686,3.1000000000000005,-2.8239292702357637
5121,6.630420084593297e-24,2.7125000000000004,-2.7125000000000004
7786,3.530714219828545e-24,2.7125000000000004,-2.7125000000000004
3736,2.1684208983966896e-19,2.7125000000000004,-2.7125000000000004
8195,2.2208237012573833e-19,2.7125000000000004,-2.7125000000000004
50740,2.711252998879354e-20,2.7125000000000004,-2.7125000000000004
69524,1.3148863823225203e-15,2.7125000000000004,-2.712499999999999
1893,7.665748727063286e-15,2.7125000000000004,-2.712499999999993
52767,3.602839560607413e-14,2.7125000000000004,-2.7124999999999644
33124,9.094947017729282e-13,2.7125000000000004,-2.712499999999091
73759,1.819364183533152e-12,2.7125000000000004,-2.712499999998181
50658,1.166620884446802e-10,2.7125000000000004,-2.712499999883338
7396,5.204915867295143e-05,2.7125000000000004,-2.7124479508413275
1075,0.00781253352852218,2.7125000000000004,-2.704687466471478
7926,0.01282130898456904,2.7125000000000004,-2.699678691015431
108583,0.10404236223264438,2.7125000000000004,-2.608457637767356
32460,2.6194227332059565e-22,2.325,-2.325
5056,2.0814899622379722e-24,2.325,-2.325
1471,8.779496500310307e-19,2.325,-2.325
104944,1.9583811974175217e-18,2.325,-2.325
5304,1.695774895395446e-21,2.325,-2.325
3306,5.048709793414476e-29,2.325,-2.325
27857,4.417621069237666e-29,2.325,-2.325
25805,2.117830764657587e-22,2.325,-2.325
25850,4.135966171637556e-25,2.325,-2.325
98124,2.033089656402983e-15,2.325,-2.324999999999998
2512,9.096057932460596e-13,2.325,-2.3249999999990907
25764,9.956528945368222e-13,2.325,-2.3249999999990045
86781,3.640338514911183e-12,2.325,-2.32499999999636
32892,2.9225653208481965e-11,2.325,-2.3249999999707747
729,2.3294566353779043e-10,2.325,-2.3249999997670545
6611,1.2415857158691742e-09,2.325,-2.3249999987584147
1133,1.5865225579500012e-08,2.325,-2.3249999841347746
4298,7.558112837493946e-07,2.325,-2.3249992441887164
26578,4.053465354009132e-06,2.325,-2.324995946534646
2920,9.017952220379886,11.237499999999997,-2.219547779620111
7759,4.0389678347315804e-28,1.9375,-1.9375
27369,2.0679515313825692e-25,1.9375,-1.9375
7043,6.802856601375322e-21,1.9375,-1.9375
5825,4.883213249238794e-19,1.9375,-1.9375
44889,4.0389678347315804e-28,1.9375,-1.9375
871,3.2311742677852644e-27,1.9375,-1.9375
46855,6.617454366755084e-24,1.9375,-1.9375
26122,1.0590496937865163e-22,1.9375,-1.9375
7074,2.9523566461965035e-17,1.9375,-1.9375
7941,2.168404385707786e-19,1.9375,-1.9375
4404,2.6026723783588267e-18,1.9375,-1.9375
27871,3.32506764816829e-24,1.9375,-1.9375
6433,1.1548230028161546e-13,1.9375,-1.9374999999998845
2705,4.547509287536333e-13,1.9375,-1.9374999999995453
3808,1.857036999714553e-11,1.9375,-1.9374999999814295
2933,3.820746737380355e-11,1.9375,-1.9374999999617926
69849,1.1720613009163073e-10,1.9375,-1.937499999882794
50742,4.836539813326602e-09,1.9375,-1.9374999951634602
5498,2.2508933266111916e-08,1.9375,-1.9374999774910668
2931,2.4436486565722633e-07,1.9375,-1.9374997556351343
602,2.0143933650338984e-06,1.9375,-1.937497985606635
95311,1.0096145808423518e-05,1.9375,-1.9374899038541915
6896,0.006676780519439795,1.9375,-1.9308232194805601
33779,0.08237078411896229,1.9375,-1.8551292158810377
26082,1.7058524207145105,3.4875000000000007,-1.7816475792854902
74282,0.2861451177281107,1.9375,-1.6513548822718893
7924,3.1554436208840472e-30,1.55,-1.55
1139,1.0412963948917356e-28,1.55,-1.55
115122,6.310887241768094e-28,1.55,-1.55
26400,1.262177448353619e-29,1.55,-1.55
5373,1.1044052673094165e-29,1.55,-1.55
70637,3.3883652950005904e-21,1.55,-1.55
100556,1.6973775925421473e-21,1.55,-1.55
2673,2.710836384395911e-20,1.55,-1.55
3816,4.0389678347315804e-28,1.55,-1.55
7301,7.445732979024871e-22,1.55,-1.55
74508,1.1115000770766826e-16,1.55,-1.5499999999999998
25753,8.88179266836874e-16,1.55,-1.5499999999999992
42351,1.7807213241689493e-15,1.55,-1.5499999999999983
8516,3.361249028179823e-14,1.55,-1.5499999999999665
3092,2.9865109329335083e-13,1.55,-1.5499999999997014
79006,3.979074833768284e-13,1.55,-1.5499999999996021
4405,3.1067309891343237e-12,1.55,-1.5499999999968934
25954,3.4714608575610864e-11,1.55,-1.5499999999652854
6935,2.7857153159270783e-10,1.55,-1.5499999997214284
26712,4.656621205083548e-10,1.55,-1.5499999995343379
78162,9.645833398616776e-10,1.55,-1.5499999990354167
26094,1.9329303775698702e-08,1.55,-1.5499999806706963
106,6.157590305213089e-06,1.55,-1.5499938424096948
93265,1.525879179453972e-05,1.55,-1.5499847412082055
6818,9.001089554014832e-05,1.55,-1.5499099891044599
26347,0.0003238757962934915,1.55,-1.5496761242037065
84716,0.0003261439027346671,1.55,-1.5496738560972654
96606,0.0004898947688136698,1.55,-1.5495101052311864
787,0.000552456443724299,1.55,-1.5494475435562758
5224,0.057249208791821465,1.55,-1.4927507912081786
104069,0.18983950902148822,1.55,-1.3601604909785119
5028,2.667657475483514e-23,1.1625,-1.1625
69529,3.1554436208840472e-30,1.1625,-1.1625
84187,8.271806125530277e-25,1.1625,-1.1625
31903,8.267262286716204e-28,1.1625,-1.1625
39768,1.0842042727487785e-19,1.1625,-1.1625
7312,1.0587911840678754e-22,1.1625,-1.1625
50703,6.952446431265246e-18,1.1625,-1.1625
65225,2.168404344986786e-19,1.1625,-1.1625
77854,1.000580629845194e-21,1.1625,-1.1625
33270,1.6960509462251754e-27,1.1625,-1.1625
2838,4.102076707149261e-28,1.1625,-1.1625
1149,1.2924697071141057e-26,1.1625,-1.1625
8975,6.617444900424222e-24,1.1625,-1.1625
26208,4.27817930510473e-21,1.1625,-1.1625
7939,1.6974796932313882e-21,1.1625,-1.1625
4237,7.726050625067103e-19,1.1625,-1.1625
1364,2.221530255623325e-16,1.1625,-1.1624999999999999
6408,8.881784197001394e-16,1.1625,-1.1624999999999992
1115,1.7763568410546653e-15,1.1625,-1.1624999999999983
69992,3.665960584479438e-15,1.1625,-1.1624999999999963
91488,2.8422577960826275e-14,1.1625,-1.1624999999999717
7938,7.330291797500392e-14,1.1625,-1.1624999999999268
7820,2.4169929714406066e-13,1.1625,-1.1624999999997583
2197,1.4552017555512045e-11,1.1625,-1.1624999999854482
4194,1.4552223841763876e-11,1.1625,-1.162499999985448
87308,1.4609246114610174e-11,1.1625,-1.1624999999853909
74727,2.0351728767128918e-11,1.1625,-1.1624999999796484
26699,4.0623686150338835e-11,1.1625,-1.1624999999593764
7096,5.067974163850838e-11,1.1625,-1.1624999999493204
1709,5.822276125614595e-11,1.1625,-1.1624999999417773
1052,2.3283064365386963e-10,1.1625,-1.1624999997671694
1577,3.759120054563135e-09,1.1625,-1.16249999624088
98198,5.97367798721121e-08,1.1625,-1.1624999402632201
8188,6.306674469086821e-08,1.1625,-1.1624999369332554
1768,2.535260431818361e-07,1.1625,-1.1624997464739568
4806,4.8366072160177245e-06,1.1625,-1.162495163392784
26003,2.3219174031189737e-05,1.1625,-1.1624767808259688
8403,6.258132920964124e-05,1.1625,-1.1624374186707904
27366,0.00017446956409721714,1.1625,-1.1623255304359028
58425,0.00031402184618764095,1.1625,-1.1621859781538124
112006,0.0011273966537871246,1.1625,-1.161372603346213
27922,0.0012469422120021715,1.1625,-1.1612530577879978
97673,0.0015169554864110607,1.1625,-1.1609830445135891
42217,0.032192911075691846,1.1625,-1.1303070889243083
108979,0.04197332638724318,1.1625,-1.1205266736127568
6123,0.08328287735306622,1.1625,-1.0792171226469338
82143,0.12596523349865685,1.1625,-1.0365347665013434
80281,5.048709793414476e-29,0.775,-0.775
404,8.077935669463161e-28,0.775,-0.775
80648,6.93910938446311e-18,0.775,-0.775
56093,5.82116239180689e-26,0.775,-0.775
95654,2.6469779601696886e-23,0.775,-0.775
3645,2.0194839173657902e-28,0.775,-0.775
7936,6.468659422812297e-27,0.775,-0.775
54284,3.716781084088724e-18,0.775,-0.775
37495,1.0842192933546115e-19,0.775,-0.775
5953,5.331437541845686e-26,0.775,-0.775
99731,1.409462846374797e-17,0.775,-0.775
77233,4.2409162264681595e-27,0.775,-0.775
65612,1.0863880135047105e-19,0.775,-0.775
30867,2.781581184823769e-17,0.775,-0.775
1470,3.334874766941998e-24,0.775,-0.775
107978,1.0097419586828951e-28,0.775,-0.775
93803,4.067366827319537e-27,0.775,-0.775
26370,4.0389678347315804e-28,0.775,-0.775
771,2.201789672562366e-25,0.775,-0.775
69394,1.084268381470839e-19,0.775,-0.775
751,8.274330480426984e-25,0.775,-0.775
56095,3.2311742677852644e-27,0.775,-0.775
1145,1.060859135599258e-22,0.775,-0.775
57276,2.117582368135751e-22,0.775,-0.775
4999,8.470330040522855e-22,0.775,-0.775
8971,1.6155871338926322e-27,0.775,-0.775
56167,3.1554436208840472e-30,0.775,-0.775
2564,1.6155871338926322e-27,0.775,-0.775
47152,5.048709793414476e-29,0.775,-0.775
58309,6.310887241768095e-30,0.775,-0.775
8616,5.624833214070382e-23,0.775,-0.775
95377,2.763505482795722e-20,0.775,-0.775
91199,2.725253405297972e-20,0.775,-0.775
81731,2.68212707775144e-29,0.775,-0.775
8609,3.1554436208840472e-30,0.775,-0.775
5560,2.1207327630468415e-22,0.775,-0.775
8579,1.0587911840678754e-22,0.775,-0.775
1400,5.594483210157732e-17,0.775,-0.7749999999999999
4183,1.0199391982874775e-16,0.775,-0.7749999999999999
117533,1.1275709668207274e-16,0.775,-0.7749999999999999
103235,6.412780778765391e-17,0.775,-0.7749999999999999
1534,1.7525469204081766e-16,0.775,-0.7749999999999998
26366,2.249250003057463e-16,0.775,-0.7749999999999998
51773,4.616585348271597e-16,0.775,-0.7749999999999996
68838,1.8059594867294876e-15,0.775,-0.7749999999999982
33688,7.11324042655199e-15,0.775,-0.7749999999999929
87004,3.9109372437359363e-14,0.775,-0.7749999999999609
6182,5.684347329921849e-14,0.775,-0.7749999999999432
38159,6.109881130310399e-14,0.775,-0.774999999999939
32483,1.1368683856864994e-13,0.775,-0.7749999999998863
3232,9.461576075888986e-13,0.775,-0.7749999999990539
98373,1.8189894035458565e-12,0.775,-0.774999999998181
75351,1.8189928729928084e-12,0.775,-0.774999999998181
25963,3.638451061001028e-12,0.775,-0.7749999999963616
92966,5.571557951628521e-12,0.775,-0.7749999999944285
53883,7.41189306829338e-12,0.775,-0.7749999999925882
118930,1.4578013268431857e-11,0.775,-0.774999999985422
36086,1.4587664790562878e-11,0.775,-0.7749999999854124
62385,2.910383739562761e-11,0.775,-0.7749999999708962
44653,2.911183429871936e-11,0.775,-0.7749999999708882
25975,2.552460003272152e-10,0.775,-0.774999999744754
108548,2.655724956507811e-10,0.775,-0.7749999997344276
64114,3.572408650712541e-10,0.775,-0.7749999996427591
32657,9.791976981826116e-10,0.775,-0.7749999990208023
74327,2.216153395805243e-09,0.775,-0.7749999977838467
2930,5.5094489543441176e-09,0.775,-0.774999994490551
89090,1.4938180596591552e-08,0.775,-0.7749999850618194
71418,1.537495114264433e-08,0.775,-0.7749999846250489
54967,1.6130667626243957e-08,0.775,-0.7749999838693324
3338,1.193045226765644e-07,0.775,-0.7749998806954773
6891,7.509033571547405e-07,0.775,-0.7749992490966429
89678,1.4921898992957212e-06,0.775,-0.7749985078101007
27646,1.7426538012028355e-06,0.775,-0.7749982573461989
114028,2.2539437856686106e-06,0.775,-0.7749977460562143
103639,1.5260783246901825e-05,0.775,-0.7749847392167531
73824,1.763808394437052e-05,0.775,-0.7749823619160556
101170,4.5776600941849644e-05,0.775,-0.7749542233990582
872,0.00012613185359824832,0.775,-0.7748738681464018
129428,0.00017371265531610912,0.775,-0.774826287344684
6866,0.002977126244234367,0.775,-0.7720228737557656
2538,0.01495988826197197,0.775,-0.7600401117380281
69495,0.017586729780029287,0.775,-0.7574132702199707
92094,0.02169435343890539,0.775,-0.7533056465610947
98956,0.05227983451756116,0.775,-0.7227201654824389
92954,0.05747158268435164,0.775,-0.7175284173156484
1830,0.13037952051492885,0.775,-0.6446204794850712
115667,0.1539881363238982,0.775,-0.6210118636761018
108983,0.16254536667515673,0.775,-0.6124546333248433
33264,0.1663810148954069,0.775,-0.6086189851045931
27320,0.19897615066243396,0.775,-0.576023849337566
26073,0.2037591697464134,0.775,-0.5712408302535866
27729,0.26567583678435236,0.775,-0.5093241632156477
92535,11.554713409969276,12.012499999999996,-0.45778659003071986
116893,8.470361784285681e-22,0.3875,-0.3875
96563,2.524354896707238e-29,0.3875,-0.3875
95835,5.293955920339377e-23,0.3875,-0.3875
128594,1.3891340335024168e-17,0.3875,-0.3875
120637,7.45755021004839e-24,0.3875,-0.3875
89945,4.1359030627651384e-25,0.3875,-0.3875
91010,1.0453353627264672e-25,0.3875,-0.3875
69803,1.3238348167056932e-23,0.3875,-0.3875
119145,4.0389678347315804e-28,0.3875,-0.3875
97393,1.061659009002716e-22,0.3875,-0.3875
100509,2.5849394142282115e-26,0.3875,-0.3875
94022,4.268260038709292e-22,0.3875,-0.3875
100044,2.0194839173657902e-28,0.3875,-0.3875
97722,1.0097419586828951e-28,0.3875,-0.3875
92760,4.235230874369795e-22,0.3875,-0.3875
117650,1.0395695909919813e-21,0.3875,-0.3875
95624,2.0683554281660423e-24,0.3875,-0.3875
115989,2.710505431213761e-20,0.3875,-0.3875
95185,3.3087256056557316e-24,0.3875,-0.3875
117109,3.1554436208840472e-30,0.3875,-0.3875
92210,1.395901867345319e-22,0.3875,-0.3875
117466,5.421021202185179e-20,0.3875,-0.3875
77688,7.031035206700735e-24,0.3875,-0.3875
101428,2.5849394142282115e-26,0.3875,-0.3875
82739,1.38791659036444e-17,0.3875,-0.3875
82150,3.1554436208840472e-30,0.3875,-0.3875
82032,1.0339757656912846e-25,0.3875,-0.3875
107196,8.271806125530277e-25,0.3875,-0.3875
81589,1.2924697071141057e-26,0.3875,-0.3875
81413,5.251289273875231e-26,0.3875,-0.3875
81092,4.5031915221530596e-21,0.3875,-0.3875
82976,1.735023287489484e-18,0.3875,-0.3875
74480,2.06820396687224e-25,0.3875,-0.3875
78539,1.0587911840678754e-22,0.3875,-0.3875
111778,2.524354896707238e-29,0.3875,-0.3875
76738,6.488904227173514e-20,0.3875,-0.3875
109372,6.617470143973188e-24,0.3875,-0.3875
77353,2.1175864071035856e-22,0.3875,-0.3875
77357,5.169878828456423e-26,0.3875,-0.3875
111647,1.8031933790229407e-18,0.3875,-0.3875
79519,1.5777218104420236e-30,0.3875,-0.3875
115629,1.6543612251060553e-24,0.3875,-0.3875
72913,1.761450670711618e-24,0.3875,-0.3875
83038,3.1554436208840472e-30,0.3875,-0.3875
101918,2.176874678498297e-19,0.3875,-0.3875
115147,6.830688290796404e-20,0.3875,-0.3875
88837,1.262177448353619e-29,0.3875,-0.3875
102058,3.2374851550270324e-27,0.3875,-0.3875
70659,8.67362103444784e-18,0.3875,-0.3875
71007,3.2526065179613843e-19,0.3875,-0.3875
88646,1.1181581387685246e-19,0.3875,-0.3875
113851,1.863472749174497e-20,0.3875,-0.3875
111460,1.5777218104420236e-30,0.3875,-0.3875
86844,1.0029568082649081e-23,0.3875,-0.3875
71991,4.337338602521935e-19,0.3875,-0.3875
85190,6.310887241768095e-30,0.3875,-0.3875
106473,2.0194839173657902e-28,0.3875,-0.3875
72041,1.6263032588544744e-19,0.3875,-0.3875
106868,3.315186376469492e-24,0.3875,-0.3875
84532,5.666231687743294e-23,0.3875,-0.3875
71147,3.3088754892277236e-24,0.3875,-0.3875
65011,3.1554436208840472e-30,0.3875,-0.3875
25763,1.6619738590118513e-19,0.3875,-0.3875
34505,6.4290121070369946e-18,0.3875,-0.3875
1774,5.421014113796629e-20,0.3875,-0.3875
7241,7.314476085390266e-26,0.3875,-0.3875
30701,1.6109701676726452e-22,0.3875,-0.3875
30958,1.6234757429448423e-26,0.3875,-0.3875
4272,2.5849709686644203e-25,0.3875,-0.3875
31148,2.1853780972621576e-19,0.3875,-0.3875
6467,1.667651953637219e-27,0.3875,-0.3875
51207,6.938893903910384e-18,0.3875,-0.3875
2438,2.0194839173657902e-28,0.3875,-0.3875
6000,5.36425415550288e-29,0.3875,-0.3875
31309,1.6187425775135162e-27,0.3875,-0.3875
2547,5.048709793414476e-29,0.3875,-0.3875
49917,8.279899838417844e-25,0.3875,-0.3875
31487,2.2433823639794705e-19,0.3875,-0.3875
31991,2.0194839173657902e-28,0.3875,-0.3875
47904,4.345349786958854e-19,0.3875,-0.3875
32419,2.7105054397965677e-19,0.3875,-0.3875
32562,2.524354896707238e-29,0.3875,-0.3875
45172,1.5777218104420236e-30,0.3875,-0.3875
3123,8.470329472543003e-22,0.3875,-0.3875
3233,4.336808689942018e-19,0.3875,-0.3875
41706,2.524354896707238e-29,0.3875,-0.3875
3369,1.033991542909389e-25,0.3875,-0.3875
4760,5.169878828456423e-26,0.3875,-0.3875
33310,4.1359030627651384e-25,0.3875,-0.3875
4461,8.271806125530277e-25,0.3875,-0.3875
4325,7.532675011774398e-26,0.3875,-0.3875
3817,6.505213067224769e-19,0.3875,-0.3875
34063,4.235295245419661e-22,0.3875,-0.3875
52784,6.82963296072378e-21,0.3875,-0.3875
27862,1.262177448353619e-29,0.3875,-0.3875
6527,4.235164736271502e-22,0.3875,-0.3875
27841,3.409310847501587e-20,0.3875,-0.3875
64845,6.8027338640848e-21,0.3875,-0.3875
25792,3.1554436208840472e-30,0.3875,-0.3875
115,6.310887241768095e-30,0.3875,-0.3875
26034,5.296540859753605e-23,0.3875,-0.3875
9007,4.168277914315409e-25,0.3875,-0.3875
8724,1.3573791184496786e-19,0.3875,-0.3875
26164,2.0194839173657902e-27,0.3875,-0.3875
52942,2.0194839173657902e-28,0.3875,-0.3875
26463,6.938893903907228e-18,0.3875,-0.3875
64903,7.252722848350102e-21,0.3875,-0.3875
59154,4.235164736271502e-22,0.3875,-0.3875
7623,1.0662875083691372e-25,0.3875,-0.3875
25961,1.3234889800848443e-23,0.3875,-0.3875
1308,2.690295890197185e-23,0.3875,-0.3875
27217,2.5849394142282115e-26,0.3875,-0.3875
27176,2.8324814993575867e-18,0.3875,-0.3875
1743,6.617444900424222e-24,0.3875,-0.3875
27667,8.673684682356803e-19,0.3875,-0.3875
55343,2.6469779601696886e-23,0.3875,-0.3875
8068,2.775557561563207e-17,0.3875,-0.38749999999999996
25886,5.985615837801131e-17,0.3875,-0.38749999999999996
87568,5.811665436218156e-17,0.3875,-0.38749999999999996
8652,5.551120417101898e-17,0.3875,-0.38749999999999996
81441,1.1102907872770928e-16,0.3875,-0.3874999999999999
130,1.1275702593849246e-16,0.3875,-0.3874999999999999
86829,1.1102230246251565e-16,0.3875,-0.3874999999999999
42094,2.2204460823536935e-16,0.3875,-0.3874999999999998
55856,2.3619387675585498e-16,0.3875,-0.3874999999999998
71688,4.440892098510787e-16,0.3875,-0.38749999999999957
78544,9.993178056304886e-16,0.3875,-0.387499999999999
100562,9.736721097403586e-16,0.3875,-0.387499999999999
5687,1.777874723343291e-15,0.3875,-0.38749999999999823
80337,1.778091648038413e-15,0.3875,-0.38749999999999823
100106,2.1094596935831603e-15,0.3875,-0.3874999999999979
129707,2.234486474421498e-15,0.3875,-0.3874999999999978
105096,3.776522735079231e-15,0.3875,-0.38749999999999624
40033,7.105481793796622e-15,0.3875,-0.3874999999999929
70541,7.251390263872269e-15,0.3875,-0.38749999999999274
99260,1.4210854741671783e-14,0.3875,-0.3874999999999858
2603,1.4214326703513218e-14,0.3875,-0.3874999999999858
108146,1.787459069687868e-14,0.3875,-0.38749999999998214
4271,2.633434627360818e-14,0.3875,-0.3874999999999737
1424,2.842170943040401e-14,0.3875,-0.3874999999999716
78919,2.85397813429038e-14,0.3875,-0.3874999999999715
119182,4.629809416339875e-14,0.3875,-0.3874999999999537
26171,5.686128668480826e-14,0.3875,-0.38749999999994317
7645,5.687117570697468e-14,0.3875,-0.3874999999999431
130490,5.689949954412822e-14,0.3875,-0.3874999999999431
111529,1.136869200633671e-13,0.3875,-0.3874999999998863
67927,1.1368727140248525e-13,0.3875,-0.3874999999998863
127098,1.1547709331510393e-13,0.3875,-0.38749999999988455
98795,1.4266447266734298e-13,0.3875,-0.38749999999985735
103819,2.27373675443245e-13,0.3875,-0.38749999999977264
97697,2.3849512521277127e-13,0.3875,-0.38749999999976154
47404,2.77635135069996e-13,0.3875,-0.3874999999997224
76085,2.8778370800526406e-13,0.3875,-0.38749999999971224
1140,3.162062669054886e-13,0.3875,-0.3874999999996838
25751,4.547493635426589e-13,0.3875,-0.38749999999954526
111130,4.618552046671514e-13,0.3875,-0.38749999999953816
52078,4.976028299961543e-13,0.3875,-0.3874999999995024
105147,5.708815127133736e-13,0.3875,-0.38749999999942913
93467,9.237225378352714e-13,0.3875,-0.3874999999990763
83535,9.418352952897946e-13,0.3875,-0.38749999999905815
111235,1.6130978818498332e-12,0.3875,-0.3874999999983869
89386,1.819000708158654e-12,0.3875,-0.387499999998181
94503,1.8750311403185523e-12,0.3875,-0.38749999999812496
5793,3.638034318242946e-12,0.3875,-0.387499999996362
84857,3.677100557235656e-12,0.3875,-0.3874999999963229
71750,3.782363339042725e-12,0.3875,-0.38749999999621765
64577,5.418312786494489e-12,0.3875,-0.3874999999945817
116905,7.284486874149344e-12,0.3875,-0.3874999999927155
25898,7.301606088115204e-12,0.3875,-0.3874999999926984
113889,1.455208610229199e-11,0.3875,-0.38749999998544793
96897,1.4608759896421345e-11,0.3875,-0.38749999998539125
1071,2.9103830456733704e-11,0.3875,-0.3874999999708962
113557,2.910384092744155e-11,0.3875,-0.3874999999708962
109781,2.911130395501697e-11,0.3875,-0.3874999999708887
81669,2.916067390450004e-11,0.3875,-0.38749999997083934
26380,2.933120502696886e-11,0.3875,-0.3874999999706688
81276,3.0019396528095914e-11,0.3875,-0.38749999996998064
50613,3.1548683659136706e-11,0.3875,-0.3874999999684513
129739,3.825105857143484e-11,0.3875,-0.38749999996174894
4101,5.822187528787879e-11,0.3875,-0.38749999994177814
101857,5.840852407788986e-11,0.3875,-0.3874999999415915
86947,6.259514092221543e-11,0.3875,-0.38749999993740486
85312,1.2372753101291216e-10,0.3875,-0.3874999998762725
126426,1.8105292666647646e-10,0.3875,-0.38749999981894706
85259,2.328333081908228e-10,0.3875,-0.3874999997671667
109425,2.3297657555957285e-10,0.3875,-0.38749999976702343
95754,2.342507735515179e-10,0.3875,-0.3874999997657492
2503,2.3465071091485035e-10,0.3875,-0.3874999997653493
32834,2.619381383752391e-10,0.3875,-0.3874999997380619
6599,4.659455119139752e-10,0.3875,-0.3874999995340545
86646,4.747740148126026e-10,0.3875,-0.387499999525226
69483,4.970383480551467e-10,0.3875,-0.38749999950296166
7578,5.389072791003306e-10,0.3875,-0.38749999946109276
73416,9.313227966600834e-10,0.3875,-0.3874999990686772
70843,9.343423079554685e-10,0.3875,-0.3874999990656577
90945,9.34762293655172e-10,0.3875,-0.38749999906523774
3455,9.350043105212158e-10,0.3875,-0.3874999990649957
86091,9.395371304181364e-10,0.3875,-0.3874999990604629
25826,9.395392520228685e-10,0.3875,-0.38749999906046073
81497,9.6284831526244e-10,0.3875,-0.3874999990371517
41627,1.1460181155906261e-09,0.3875,-0.3874999988539819
54621,1.1642448074928797e-09,0.3875,-0.3874999988357552
84838,1.500072255624016e-09,0.3875,-0.3874999984999278
112277,3.725290298476525e-09,0.3875,-0.3874999962747097
83326,3.725347151558266e-09,0.3875,-0.38749999627465287
47538,4.335404357902158e-09,0.3875,-0.38749999566459564
112929,7.450580849071162e-09,0.3875,-0.38749999254941914
118105,7.450584149637745e-09,0.3875,-0.38749999254941586
67865,7.472264103067542e-09,0.3875,-0.3874999925277359
93139,7.718015590501407e-09,0.3875,-0.3874999922819844
26822,7.774824659529944e-09,0.3875,-0.38749999222517534
86574,7.923519642072755e-09,0.3875,-0.3874999920764804
78235,9.049477016617063e-09,0.3875,-0.387499990950523
93420,9.611303862237332e-09,0.3875,-0.38749999038869615
60259,1.0368326268949526e-08,0.3875,-0.38749998963167376
128624,1.4901161193878163e-08,0.3875,-0.3874999850988388
94044,1.4901161193956076e-08,0.3875,-0.3874999850988388
96020,1.6453412154599902e-08,0.3875,-0.3874999835465879
87413,1.7758325032237856e-08,0.3875,-0.387499982241675
91470,1.9596523503741717e-08,0.3875,-0.3874999804034765
56631,2.2858020119759697e-08,0.3875,-0.38749997714197987
73608,2.42162199830597e-08,0.3875,-0.38749997578378004
95064,2.9821536740250824e-08,0.3875,-0.38749997017846327
72724,3.050508476233061e-08,0.3875,-0.3874999694949153
71433,3.8184993732287586e-08,0.3875,-0.3874999618150063
65025,4.593635687278145e-08,0.3875,-0.3874999540636431
26070,5.960464855112474e-08,0.3875,-0.38749994039535146
82246,5.960499072784281e-08,0.3875,-0.3874999403950093
8790,6.154911562782668e-08,0.3875,-0.3874999384508844
8484,7.29599814897194e-08,0.3875,-0.3874999270400185
81147,8.196366441480318e-08,0.3875,-0.3874999180363356
51894,1.3520861269309638e-07,0.3875,-0.3874998647913873
71558,1.7881395031696807e-07,0.3875,-0.3874998211860497
71556,3.895449427606655e-07,0.3875,-0.38749961045505726
26325,3.9434217958159806e-07,0.3875,-0.38749960565782043
76132,4.218032337093717e-07,0.3875,-0.3874995781967663
105246,4.770302497662353e-07,0.3875,-0.38749952296975027
79578,4.773256383158485e-07,0.3875,-0.3874995226743617
91854,4.778558526675844e-07,0.3875,-0.38749952214414735
2632,5.064231375651458e-07,0.3875,-0.3874994935768624
26100,7.628738097795332e-07,0.3875,-0.3874992371261902
26749,9.92247912985232e-07,0.3875,-0.387499007752087
95748,1.1366310597471737e-06,0.3875,-0.38749886336894024
87210,1.907421392499664e-06,0.3875,-0.3874980925786075
73900,1.9479453315197884e-06,0.3875,-0.3874980520546685
7483,2.4569952487708322e-06,0.3875,-0.38749754300475125
111436,3.5486173346964663e-06,0.3875,-0.3874964513826653
1764,3.815162941151145e-06,0.3875,-0.38749618483705883
117364,3.817989162245281e-06,0.3875,-0.38749618201083774
27033,3.8834153339051635e-06,0.3875,-0.3874961165846661
3881,3.993976890791938e-06,0.3875,-0.38749600602310924
90845,4.0541166631779835e-06,0.3875,-0.38749594588333686
101962,4.055299027761792e-06,0.3875,-0.38749594470097226
91844,4.137874203009272e-06,0.3875,-0.387495862125797
94752,4.215805511748447e-06,0.3875,-0.38749578419448827
58994,4.291540045137134e-06,0.3875,-0.38749570845995485
64650,4.8291642919071685e-06,0.3875,-0.3874951708357081
34032,5.2472710825992475e-06,0.3875,-0.3874947527289174
56561,7.868086048190732e-06,0.3875,-0.3874921319139518
108285,1.541549087931615e-05,0.3875,-0.3874845845091207
30991,1.5498291701303354e-05,0.3875,-0.38748450170829873
103269,2.3639986214548827e-05,0.3875,-0.38747636001378544
72505,3.0659624608400414e-05,0.3875,-0.3874693403753916
129013,4.2415820709997405e-05,0.3875,-0.38745758417929
79507,4.4910460417792754e-05,0.3875,-0.38745508953958224
69136,4.722546309725398e-05,0.3875,-0.38745277453690274
51455,5.4074313947732236e-05,0.3875,-0.3874459256860523
101425,6.120404873041413e-05,0.3875,-0.3874387959512696
25860,6.380013713997884e-05,0.3875,-0.38743619986286004
67744,6.381576429787366e-05,0.3875,-0.38743618423570214
1787,6.800611004167633e-05,0.3875,-0.38743199388995836
114066,0.0001284774475770936,0.3875,-0.3873715225524229
110348,0.00012996902485186998,0.3875,-0.38737003097514816
130374,0.00020467961219060266,0.3875,-0.3872953203878094
8684,0.00021480827659074866,0.3875,-0.38728519172340925
7821,0.0002443791020427955,0.3875,-0.38725562089795723
5518,0.0002460980724771926,0.3875,-0.3872539019275228
82591,0.00026067857001296356,0.3875,-0.38723932142998707
97779,0.0003233999050170126,0.3875,-0.387176600094983
35826,0.00032726407043335545,0.3875,-0.38717273592956664
117444,0.0004889717394891299,0.3875,-0.38701102826051087
122495,0.0006410094883466369,0.3875,-0.3868589905116534
100089,0.0008653827097153637,0.3875,-0.38663461729028464
2343,0.0009765819524014054,0.3875,-0.3865234180475986
88889,0.0010184384570319184,0.3875,-0.3864815615429681
80217,0.0010789418803734195,0.3875,-0.38642105811962657
94969,0.001138744893096727,0.3875,-0.3863612551069033
76111,0.0012250394729400591,0.3875,-0.38627496052705995
80777,0.0012680607104208156,0.3875,-0.3862319392895792
6026,0.0013160106222806518,0.3875,-0.38618398937771936
49359,0.002201699901201254,0.3875,-0.38529830009879873
71993,0.0023517564814972197,0.3875,-0.3851482435185028
105509,0.0024026632734634374,0.3875,-0.38509733672653657
74653,0.003131366527209369,0.3875,-0.38436863347279066
72094,0.003438900073099052,0.3875,-0.38406109992690096
125077,0.003491131360885741,0.3875,-0.38400886863911426
78408,0.003910337824071708,0.3875,-0.3835896621759283
81111,0.004306035132518968,0.3875,-0.38319396486748103
72104,0.005801784613330891,0.3875,-0.3816982153866691
60309,0.007168768524106714,0.3875,-0.3803312314758933
101292,0.0077518521233165836,0.3875,-0.37974814787668343
107885,0.007826692845046251,0.3875,-0.37967330715495373
93918,0.008437118362238698,0.3875,-0.3790628816377613
2958,0.009016642068690793,0.3875,-0.3784833579313092
27909,0.009945829256108037,0.3875,-0.37755417074389197
113240,0.011020993112526894,0.3875,-0.3764790068874731
117310,0.012631647477879772,0.3875,-0.37486835252212025
104386,0.013544104495410339,0.3875,-0.3739558955045897
92475,0.013884232996440204,0.3875,-0.3736157670035598
106138,0.014868740975556167,0.3875,-0.37263125902444383
87834,0.01925015332479627,0.3875,-0.3682498466752037
26674,0.01954625918669086,0.3875,-0.36795374081330917
87683,0.027033259268013556,0.3875,-0.3604667407319865
93748,0.028931318303021224,0.3875,-0.3585686816969788
5767,0.03005922639816608,0.3875,-0.3574407736018339
116028,0.031880570826740603,0.3875,-0.3556194291732594
68175,0.033564268594824864,0.3875,-0.35393573140517515
8519,0.03412626461556464,0.3875,-0.3533737353844354
88282,0.03480219630867472,0.3875,-0.3526978036913253
8335,0.0401249177733861,0.3875,-0.3473750822266139
33090,0.04026872376628608,0.3875,-0.3472312762337139
4778,0.0410251000730984,0.3875,-0.3464748999269016
104576,0.0431040892346517,0.3875,-0.3443959107653483
27451,0.04783622537638524,0.3875,-0.33966377462361474
86668,0.053171844712368535,0.3875,-0.3343281552876315
8785,0.0633698520306213,0.3875,-0.3241301479693787
60336,0.06372919331889138,0.3875,-0.32377080668110864
95482,0.07036771524256152,0.3875,-0.3171322847574385
7409,0.07343209352635849,0.3875,-0.3140679064736415
25987,0.07503041455990068,0.3875,-0.31246958544009934
77177,0.07624542804513448,0.3875,-0.3112545719548655
61206,0.08233946469592565,0.3875,-0.3051605353040744
108709,0.08740708207249143,0.3875,-0.3000929179275086
26644,0.102361673215047,0.3875,-0.285138326784953
102217,0.11795435729601872,0.3875,-0.2695456427039813
52108,0.1251211801560283,0.3875,-0.2623788198439717
129532,0.13520170355398542,0.3875,-0.2522982964460146
6981,0.5267510150839323,0.775,-0.24824898491606773
60201,0.14538644425097405,0.3875,-0.24211355574902596
97648,0.1517211727143235,0.3875,-0.2357788272856765
103182,0.2047323024750733,0.3875,-0.18276769752492672
74649,0.24121265943156628,0.3875,-0.14628734056843373
92498,0.27287637112936336,0.3875,-0.11462362887063665
26480,0.3073500558535279,0.3875,-0.08014994414647209
55408,0.31377125687904,0.3875,-0.07372874312096
68153,0.3180764463220816,0.3875,-0.06942355367791841
60393,0.33137429092549564,0.3875,-0.05612570907450437
89939,0.3474764566394509,0.3875,-0.040023543360549085
62213,0.3484196100606016,0.3875,-0.039080389939398386
68498,0.35729646894067113,0.3875,-0.03020353105932888
3750,0.3986567711773557,0.3875,0.011156771177355695
3739,2.75013807293048,2.7125000000000004,0.037638072930479716
93628,0.4526094335520481,0.3875,0.06510943355204807
3193,0.588143865909555,0.3875,0.20064386590955502
75406,0.6540226921297236,0.3875,0.2665226921297236
84764,0.6922936736500238,0.3875,0.3047936736500238
107684,0.7553545046738646,0.3875,0.36785450467386455
40697,0.850010166134912,0.3875,0.46251016613491197
109953,0.9664466589577705,0.3875,0.5789466589577705
112903,0.9667593308268804,0.3875,0.5792593308268803
118762,1.5658140253582404,0.775,0.7908140253582404
105563,1.753419644410691,0.3875,1.3659196444106911
42783,1.811370454279491,0.3875,1.423870454279491
5194,1.9708229880920463,0.3875,1.5833229880920463
101971,2.0102433126154073,0.3875,1.6227433126154074
125543,2.0221211335341795,0.3875,1.6346211335341796
34659,2.1491629776468377,0.3875,1.7616629776468378
128320,2.5740617840201816,0.3875,2.1865617840201814
36799,3.5826113962942054,0.3875,3.1951113962942053
99764,4.117530354890523,0.775,3.3425303548905227
111878,4.113168397288357,0.3875,3.7256683972883566
78986,4.191647089904162,0.3875,3.804147089904162
26756,4.338343526571013,0.3875,3.9508435265710125
6918,5.017065163776231,0.775,4.242065163776231
120138,6.914199765693342,0.3875,6.526699765693341
100003,7.416219468469917,0.3875,7.028719468469917
2351,21.122494476930196,13.174999999999994,7.947494476930203
3435,72.37128541998382,62.77500000000018,9.596285419983637
120813,10.860426247396315,0.3875,10.472926247396316
96935,11.468158961236638,0.3875,11.080658961236638
70789,12.178628771159289,0.3875,11.79112877115929
7153,590.1821034575872,577.374999999997,12.807103457590188
33247,13.710055487347178,0.3875,13.322555487347179
32853,15.267312088317684,1.55,13.717312088317684
60904,15.466767703223015,1.55,13.916767703223014
96075,15.10968568547672,0.3875,14.72218568547672
3030,62.72187576370876,47.27500000000007,15.44687576370869
70186,16.001911463886884,0.3875,15.614411463886885
58649,19.611073775187332,0.3875,19.223573775187333
128736,21.28395310994036,0.3875,20.89645310994036
48045,28.40225458958568,1.1625,27.23975458958568
93322,28.571093565987205,0.3875,28.183593565987206
87511,30.017025460920102,0.3875,29.629525460920103
86846,30.068478176725634,0.3875,29.680978176725635
3307,66.51850317840238,33.32499999999997,33.193503178402416
6016,280.04994615715236,246.0624999999972,33.987446157155176
1198,776.4418187277925,742.4500000000164,33.991818727776035
106503,34.8650511156777,0.775,34.0900511156777
6669,49.96965255473141,11.624999999999996,38.34465255473141
104636,40.42811772740366,0.3875,40.04061772740366
105943,41.71143552069533,0.3875,41.32393552069533
6511,56.61227531983509,0.3875,56.22477531983509
1178,103.79769380687753,40.68750000000002,63.11019380687751
93008,63.86391055568935,0.3875,63.47641055568935
101855,68.23143628208157,0.3875,67.84393628208157
3134,85.1198700650627,13.174999999999994,71.9448700650627
3022,94.91530302249913,21.31249999999998,73.60280302249916
108527,78.03722409414532,0.3875,77.64972409414531
104780,90.80566532630176,0.3875,90.41816532630176
101456,102.02365083653163,0.3875,101.63615083653163
89347,111.0693949646685,0.3875,110.6818949646685
745,355.7381281933249,194.5249999999987,161.21312819332618
94466,189.6717111014861,6.200000000000002,183.4717111014861
720,338.8630167585512,151.51249999999996,187.35051675855127
1212,449.5406170609515,76.72500000000028,372.81561706095124
668,421.1580597057763,6.975000000000002,414.18305970577626
2959,1209.408176045462,793.9875000000225,415.42067604543945
93988,433.810309183119,1.55,432.260309183119
44555,545.6233354653375,100.36250000000045,445.26083546533704
1148,687.7569277980685,236.37499999999747,451.38192779807105
58559,963.3831848914638,469.26249999999067,494.1206848914731
670,750.7212042895429,11.624999999999996,739.0962042895429
750,1118.608295846025,344.09999999999434,774.5082958460306
26587,806.5089784208571,3.4875000000000007,803.0214784208572
43567,1007.9197654869033,0.3875,1007.5322654869033
912,1485.1209581927574,427.4124999999919,1057.7084581927654
3226,1062.455575067834,0.775,1061.6805750678338
904,1434.0114253556997,245.6749999999972,1188.3364253557024
922,1597.475042497054,96.10000000000042,1501.3750424970535
77658,1640.7103294036156,21.699999999999978,1619.0103294036155
1221,2905.416241537093,501.8124999999897,2403.6037415371034
2019,3045.456825771915,153.4499999999999,2892.0068257719154
93040,2980.9207866769666,2.7125000000000004,2978.2082866769665
100553,3351.4707372177827,0.3875,3351.083237217783
7502,4711.253238111271,99.58750000000045,4611.66573811127
527,5899.34740196836,1149.3250000000642,4750.0224019682955
50,6153.7926287627015,994.325000000046,5159.467628762655
113315,9277.475791452998,0.3875,9277.088291452998
858,15396.134078360059,867.2250000000311,14528.909078360028
318,21909.50631858971,1667.412500000125,20242.093818589583
