item,weight_vector,weight,difference
296,0.04200101028649783,1668.9625000001251,-1668.9204989898387
356,5.464231423195715e-20,1618.5875000001192,-1618.5875000001192
593,0.0852137277341285,1536.0500000001095,-1535.9647862723755
110,4.444189753825719e-16,1220.6250000000725,-1220.6250000000725
260,0.8774704958777875,1172.1875000000668,-1171.310029504189
2571,0.6328609048214275,981.5375000000445,-980.904639095223
1210,2.710505431371533e-20,906.7500000000357,-906.7500000000357
2858,0.03247843401494958,871.4875000000316,-871.4550215660166
608,3.735456302817366e-08,870.3250000000314,-870.3249999626769
47,7.12322689151653e-13,830.8000000000268,-830.8000000000261
1196,0.9739846506854519,765.3125000000191,-764.3385153493336
1198,15.214842796325684,742.4500000000164,-727.2351572036907
2959,74.54080963134766,793.9875000000225,-719.4466903686748
4993,0.00015343812505584008,691.6875000000105,-691.6873465618854
5952,4.996912730745185e-05,637.050000000004,-637.0499500308767
2028,2.7223345083232875e-13,634.3375000000037,-634.3375000000035
2762,3.638006593880992e-12,616.9000000000017,-616.899999999998
7153,0.07274030891749322,577.374999999997,-577.3022596910796
1197,0.7764454091988711,530.8749999999916,-530.0985545907927
17,1.0842021724855044e-19,524.2874999999908,-524.2874999999908
4226,0.2634150691501418,503.74999999998965,-503.4865849308395
1136,0.09613053234545266,474.2999999999905,-474.20386946764506
541,1.5700732865615892e-05,456.08749999999105,-456.08748429925816
4973,4.14021603949368,454.9249999999911,-450.7847839604974
1214,5.804598688372979e-20,417.3374999999922,-417.3374999999922
111,1.908912292251513e-06,413.4624999999923,-413.46249809108
1617,1.555551238608972e-11,408.42499999999245,-408.4249999999769
1291,1.262177448353619e-29,408.03749999999246,-408.03749999999246
58559,72.24798536300659,469.26249999999067,-397.0145146369841
1213,0.45127476958987245,390.98749999999296,-390.5362252304031
2329,0.13730829179227816,384.78749999999314,-384.65019170820085
293,4.678100324027525e-10,380.1374999999933,-380.13749999952546
1704,1.4214436184045193e-14,376.6499999999934,-376.6499999999934
1089,1.551219753241995e-05,366.1874999999937,-366.18748448779616
778,3.1554436208840472e-30,362.6999999999938,-362.6999999999938
7361,3.161841812089612e-05,353.78749999999405,-353.78746838157593
1208,4.772968508723898e-07,325.1124999999949,-325.11249952269804
1225,3.716296024480068e-12,292.94999999999584,-292.94999999999214
58,3.469446952054588e-18,290.2374999999959,-290.2374999999959
2324,0.9624642336503584,290.2374999999959,-289.2750357663456
79132,0.21322792597945672,285.19999999999607,-284.9867720740166
919,4.1359030627651384e-25,283.6499999999961,-283.6499999999961
1258,5.048709793414476e-29,283.6499999999961,-283.6499999999961
1080,4.0389678347315804e-28,271.2499999999965,-271.2499999999965
923,0.0005193226280667127,262.33749999999674,-262.3369806773687
4878,1.656887157724573e-24,253.42499999999697,-253.42499999999697
1222,2.273738939787543e-13,253.42499999999697,-253.42499999999674
1230,4.948240252169223e-10,242.96249999999728,-242.96249999950246
1219,4.002196805977929e-11,236.76249999999746,-236.76249999995744
1148,3.6769631893748738,236.37499999999747,-232.6980368106226
1304,7.147970519523616e-17,231.7249999999976,-231.7249999999976
4011,1.1640809692910883e-13,221.2624999999979,-221.2624999999978
1233,0.02113968056952105,221.2624999999979,-221.2413603194284
2692,1.976134685337575e-21,219.71249999999796,-219.71249999999796
1247,2.4174141864894487e-13,219.32499999999797,-219.32499999999771
48516,5.098231982755777e-05,219.32499999999797,-219.32494901767814
1252,3.05709820240736,218.162499999998,-215.10540179759064
1358,7.15573456148946e-18,208.86249999999828,-208.86249999999828
246,4.58335977229347e-13,208.0874999999983,-208.08749999999785
1207,2.680564890091773,207.6999999999983,-205.01943510990654
1204,0.01819606257029749,204.2124999999984,-204.19430393742812
903,0.0006414191281471482,202.27499999999847,-202.2743585808703
1288,2.8866042585759944e-14,201.1124999999985,-201.11249999999848
1234,0.20078037082556044,201.1124999999985,-200.91171962917295
913,1.7851736889861058,199.56249999999855,-197.77732631101244
3949,4.547590611312971e-13,194.9124999999987,-194.91249999999823
745,0.43652734894998185,194.5249999999987,-194.0884726510487
5618,16.31749899685383,207.31249999999832,-190.9950010031445
953,1.639863112937889e-13,188.32499999999888,-188.3249999999987
1250,3.259319780435618e-05,186.38749999999894,-186.38746740680114
2804,1.1920929665667988e-07,180.18749999999912,-180.18749988078983
1278,2.6469779601696886e-23,179.02499999999915,-179.02499999999915
60069,1.8861856275778034e-14,178.24999999999918,-178.24999999999915
1242,2.68212707775144e-29,170.8874999999994,-170.8874999999994
910,2.1248472479876823e-09,166.62499999999952,-166.62499999787468
1276,1.636518878190961e-06,164.68749999999957,-164.6874983634807
1199,8.88180128655285e-16,160.8124999999997,-160.8124999999997
899,7.012700257333515e-10,159.64999999999972,-159.64999999929844
1201,0.0003473254162699945,156.16249999999982,-156.16215267458355
720,0.004628334599800144,151.51249999999996,-151.50787166540016
969,1.0340311566515485e-06,150.35,-150.34999896596884
68157,5.635094569997368e-20,149.18750000000003,-149.18750000000003
1293,3.309126346995584e-24,145.70000000000013,-145.70000000000013
48780,3.710245174570142e-12,145.70000000000013,-145.6999999999964
1172,0.09267509139358869,140.66250000000028,-140.56982490860668
68954,1.9073504612079537e-06,140.2750000000003,-140.27499809264984
48394,2.111625290052531e-17,138.72500000000034,-138.72500000000034
1262,0.005066874230497737,135.23750000000044,-135.23243312576994
306,1.6327315335707112e-05,132.13750000000053,-132.1374836726852
3000,8.744368443404595e-06,129.4250000000006,-129.42499125563216
5995,7.11718385969633e-15,129.03750000000062,-129.03750000000062
1223,0.0004882867611017707,123.22500000000062,-123.22451171323952
1272,1.948565643561625e-17,119.7375000000006,-119.7375000000006
1203,82.66214179992676,201.1124999999985,-118.45035820007175
307,1.03410198343612e-25,115.86250000000057,-115.86250000000057
800,0.00024421334050689185,114.31250000000055,-114.31225578666005
1244,3.148622328086669e-13,113.15000000000055,-113.15000000000023
30749,3.86545369856322e-12,112.76250000000054,-112.76249999999668
1228,1.9302626587937024e-09,111.98750000000054,-111.98749999807028
68358,6.310887241768095e-30,108.11250000000051,-108.11250000000051
1235,1.2924697071141057e-26,107.3375000000005,-107.3375000000005
232,8.571384926560913e-13,106.9500000000005,-106.94999999999965
1267,0.00027700757627798823,105.78750000000049,-105.78722299242422
898,0.5548960946142736,103.46250000000047,-102.9076039053862
3275,1.6543612251060553e-24,101.91250000000046,-101.91250000000046
1269,6.673511394892344e-11,99.97500000000045,-99.97499999993371
34405,7.549516567506212e-15,98.81250000000044,-98.81250000000043
162,3.388235230769981e-21,97.65000000000043,-97.65000000000043
1041,1.87230441095975e-09,97.65000000000043,-97.64999999812812
1175,3.2374851550270324e-27,96.87500000000043,-96.87500000000043
1299,6.451211637030531e-05,96.87500000000043,-96.87493548788406
81845,4.3429025562523474e-18,86.02500000000035,-86.02500000000035
916,3.1290888271231144e-07,84.08750000000033,-84.08749968709145
78499,4.766633013002253e-22,81.76250000000032,-81.76250000000032
1292,5.169878828456423e-26,81.37500000000031,-81.37500000000031
89745,2.068961273341252e-25,81.37500000000031,-81.37500000000031
5971,0.23197764510438704,79.4375000000003,-79.2055223548959
31658,0.00195318686557758,76.72500000000028,-76.7230468131347
954,1.7415000070102428e-18,74.78750000000026,-74.78750000000026
91529,2.84217113496717e-14,74.40000000000026,-74.40000000000023
76093,4.243999094885763e-22,73.62500000000026,-73.62500000000026
27773,3.5444006289861584e-05,72.07500000000024,-72.07496455599396
1537,3.308722450212111e-24,71.68750000000024,-71.68750000000024
994,1.81899126364428e-12,71.68750000000024,-71.68749999999842
99114,1.192225549630675e-07,71.68750000000024,-71.6874998807777
64614,4.0389678347315804e-28,70.13750000000023,-70.13750000000023
1256,0.002521916465464185,68.20000000000022,-68.19747808353475
908,176.06842041015625,239.86249999999737,-63.79407958984112
290,3.552713680585737e-15,62.38750000000018,-62.38750000000017
2186,0.09305015212964028,62.38750000000018,-62.29444984787054
1245,1.0359952496086504e-25,62.00000000000018,-62.00000000000018
1086,2.910760895829505e-11,61.612500000000175,-61.612499999971064
2788,9.314254257343635e-25,60.06250000000016,-60.06250000000016
909,8.881784797143752e-16,59.67500000000016,-59.67500000000016
1945,0.051514583562919054,59.67500000000016,-59.62348541643724
2010,6.310887241768095e-30,58.12500000000015,-58.12500000000015
4235,1.6951291654128683e-21,57.737500000000146,-57.737500000000146
1254,0.018675459818031034,56.96250000000014,-56.943824540182106
3083,1.8198416815995343e-23,56.57500000000014,-56.57500000000014
68237,5.238690599433335e-10,55.80000000000013,-55.79999999947626
5782,0.004942282235425723,55.80000000000013,-55.795057717764706
1283,1.0348342509024548e-09,55.41250000000013,-55.412499998965295
82,1.136868377270077e-13,55.02500000000013,-55.02500000000001
3504,6.938896438769752e-18,54.637500000000124,-54.637500000000124
1284,28.681981205940247,81.37500000000031,-52.693018794060066
1224,0.035780233190243246,52.31250000000011,-52.27671976680986
92259,0.19966908505739045,52.31250000000011,-52.11283091494272
933,7.105510655755919e-15,51.925000000000104,-51.9250000000001
28,3.058361184976843e-05,51.5375000000001,-51.53746941638825
66934,0.00036649090310937116,51.1500000000001,-51.14963350909699
3683,7.158765606048038e-20,49.60000000000009,-49.60000000000009
26614,4.4703552657851484e-08,49.212500000000084,-49.21249995529653
1248,1.9950365655849964,50.37500000000009,-48.379963434415096
955,9.343481756385967e-14,46.500000000000064,-46.49999999999997
1147,1.0330114705086553,47.27500000000007,-46.241988529491415
1237,1.6813157385026853e-06,45.72500000000006,-45.72499831868432
6787,4.345877101996515e-18,45.337500000000055,-45.337500000000055
928,0.00026575636667002255,44.56250000000005,-44.56223424363338
1209,0.0021171640135941904,44.17500000000005,-44.17288283598645
6350,0.00012207885280858617,43.787500000000044,-43.78737792114723
1300,9.229259522845169e-16,43.40000000000004,-43.40000000000004
1260,3.960883761756122,46.500000000000064,-42.53911623824394
3462,0.021638934643818275,42.23750000000003,-42.215861065356215
911,9.990501573207492e-10,41.85000000000003,-41.84999999900098
1217,0.5529777527242616,42.23750000000003,-41.68452224727577
27611,3.7252903245946864e-08,41.46250000000003,-41.462499962747124
5291,0.4869042178837901,41.85000000000003,-41.36309578211624
1131,0.11499408883356049,41.46250000000003,-41.347505911166465
1211,3.607145782265826e-21,40.68750000000002,-40.68750000000002
951,0.07832390167976643,40.68750000000002,-40.609176098320255
930,16.529457733035088,56.57500000000014,-40.04554226696505
3088,2.7759177298352195e-17,39.912500000000016,-39.912500000000016
8132,1.0587926986808134e-22,39.52500000000001,-39.52500000000001
3468,8.300425681614869e-05,39.52500000000001,-39.5249169957432
905,0.3972849879793201,39.912500000000016,-39.5152150120207
7099,0.017647573059585364,39.52500000000001,-39.50735242694043
1280,0.1872201280453289,39.52500000000001,-39.33777987195469
31410,7.450580597249256e-09,39.13750000000001,-39.13749999254943
3089,0.013510802110948074,39.13750000000001,-39.12398919788906
965,2.118616470119187e-22,38.362500000000004,-38.362500000000004
1446,4.547474738121788e-13,37.199999999999996,-37.19999999999954
1281,2.736581497029313e-11,36.81249999999999,-36.81249999997263
5690,0.001022971324873066,36.81249999999999,-36.81147702867512
3037,2.069971015299935e-27,36.42499999999999,-36.42499999999999
5878,2.0702234507896057e-25,36.42499999999999,-36.42499999999999
3730,1.5290928769297615e-08,36.03749999999999,-36.03749998470906
1303,1.822285168254754e-11,35.649999999999984,-35.64999999998176
1719,8.470458719513715e-22,35.26249999999998,-35.26249999999998
2357,0.0004961222818232528,34.87499999999998,-34.874503877718155
109374,1.9984014708274047e-15,34.487499999999976,-34.487499999999976
2132,2.7948810664294908e-09,34.487499999999976,-34.48749999720509
2731,0.0034088297857820657,34.487499999999976,-34.48409117021419
1251,2.921854294692878e-11,33.71249999999997,-33.71249999997075
3307,0.7163678589169413,33.32499999999997,-32.60863214108303
2973,5.188770753404582e-22,32.54999999999996,-32.54999999999996
109487,1.0011776842613234e-08,32.54999999999996,-32.54999998998819
1132,7.0083666771056375e-06,32.16249999999996,-32.16249299163328
61240,1.1368683784177792e-13,31.77499999999996,-31.774999999999846
6331,4.547473508931092e-13,31.38749999999996,-31.387499999999505
1950,1.1048752046475576e-09,31.38749999999996,-31.387499998895084
94959,2.8429515686097633e-14,30.99999999999996,-30.999999999999932
55442,2.117582368135751e-22,30.224999999999962,-30.224999999999962
926,24.380161434412003,53.86250000000012,-29.482338565588115
26662,6.310887241768095e-30,28.674999999999965,-28.674999999999965
3983,3.814930507914996e-06,28.287499999999966,-28.287496185069458
7156,0.00020890756367097964,28.287499999999966,-28.287291092436295
6867,3.2311742677852644e-27,27.899999999999967,-27.899999999999967
3359,1.8885717724428974e-15,27.899999999999967,-27.899999999999963
942,0.00015899932522012698,27.899999999999967,-27.899841000674748
581,8.881784346972924e-16,27.512499999999967,-27.512499999999967
213,6.202463237175598e-11,27.124999999999968,-27.124999999937945
950,8.632463133033525,35.649999999999984,-27.01753686696646
1218,4.6374829061334316e-08,26.73749999999997,-26.73749995362514
678,0.002233704217942341,26.73749999999997,-26.735266295782026
3196,9.251116902201796e-06,26.34999999999997,-26.349990748883066
6104,1.5777218104420236e-30,25.96249999999997,-25.96249999999997
3334,8.70749921675002e-19,25.96249999999997,-25.96249999999997
1264,2.328319274894543e-10,25.96249999999997,-25.96249999976714
8228,1.5504592195616037e-05,25.96249999999997,-25.962484495407775
7669,1.309672658414064e-10,25.18749999999997,-25.187499999869004
3429,0.13980215123823764,25.18749999999997,-25.047697848761732
3035,9.537402226378277e-07,24.799999999999972,-24.79999904625975
1189,0.00986064008388048,24.799999999999972,-24.790139359916093
2360,0.011279244048375539,24.799999999999972,-24.788720755951598
599,3.1554436208840472e-30,24.412499999999973,-24.412499999999973
1273,1.487822717380651e-14,24.412499999999973,-24.41249999999996
2070,3.2311742677852644e-27,24.024999999999974,-24.024999999999974
4144,1.1799802936088492e-16,24.024999999999974,-24.024999999999974
3265,2.7471292163416515e-26,23.637499999999974,-23.637499999999974
53123,5.293955920339377e-23,23.637499999999974,-23.637499999999974
7256,9.53910858802504e-07,23.637499999999974,-23.637499046089115
112556,5.179976248043252e-26,23.249999999999975,-23.249999999999975
97,1.2553396020271632e-24,22.474999999999977,-22.474999999999977
945,1.5320033550308708e-08,22.087499999999977,-22.087499984679944
2859,0.06265734442418351,22.087499999999977,-22.024842655575792
2203,0.26562137033048877,21.31249999999998,-21.04687862966949
3022,0.26892479311651407,21.31249999999998,-21.043575206883464
2208,8.701272994197554e-06,20.53749999999998,-20.537491298726987
3741,1.0036475294540342e-15,19.76249999999998,-19.76249999999998
8014,2.3283089705948293e-10,19.76249999999998,-19.76249999976715
3469,3.647668716806989e-05,19.76249999999998,-19.762463523312814
1361,0.03127099693382357,19.76249999999998,-19.731229003066158
3152,4.0389678347315804e-28,19.374999999999982,-19.374999999999982
2843,3.725291473418024e-09,19.374999999999982,-19.374999996274692
3811,5.960740901099037e-08,18.987499999999983,-18.987499940392574
1046,5.734301922199377e-14,18.599999999999984,-18.599999999999927
3819,0.0002546648778812032,18.599999999999984,-18.5997453351221
55908,6.310887241768095e-30,18.212499999999984,-18.212499999999984
5008,0.14062916955597865,18.212499999999984,-18.071870830444006
4967,6.310887241768095e-30,17.824999999999985,-17.824999999999985
1066,9.0960572407932e-13,17.824999999999985,-17.824999999999076
947,9.429225221459203e-09,17.049999999999986,-17.04999999057076
3629,1.0266673206779784e-06,17.049999999999986,-17.049998973332666
326,0.0004914071453585753,17.049999999999986,-17.04950859285463
3097,4.0399144678178457e-26,16.662499999999987,-16.662499999999987
7981,1.3877787814491375e-17,16.662499999999987,-16.662499999999987
116797,2.8423457706411186e-14,16.662499999999987,-16.66249999999996
1232,1.1641534264395862e-10,16.662499999999987,-16.662499999883572
1949,0.0355832855873495,16.662499999999987,-16.626916714412637
906,2.2748505498814486e-13,16.274999999999988,-16.27499999999976
4427,4.383035898969413e-11,16.274999999999988,-16.274999999956158
4914,4.135955127584883e-24,15.887499999999989,-15.887499999999989
4037,2.524354896707238e-29,15.887499999999989,-15.887499999999989
27803,1.6155871338926322e-27,15.887499999999989,-15.887499999999989
2732,4.8467614016778965e-27,15.49999999999999,-15.49999999999999
2726,5.225882689820791e-06,15.11249999999999,-15.1124947741173
77455,8.673617379884035e-19,14.337499999999991,-14.337499999999991
1939,0.0003067080829459994,13.949999999999992,-13.949693291917047
71899,8.881784230484564e-16,13.562499999999993,-13.562499999999991
26131,3.371978915420266e-10,13.562499999999993,-13.562499999662794
556,2.1684043530489445e-19,13.174999999999994,-13.174999999999994
3801,2.355889235640074e-10,13.174999999999994,-13.174999999764404
3677,4.6194847514674533e-10,13.174999999999994,-13.174999999538045
3091,2.987197739136392e-08,13.174999999999994,-13.174999970128017
2351,0.0804055514837374,13.174999999999994,-13.094594448516256
3134,0.0967802161222752,13.174999999999994,-13.078219783877719
3814,1.262177448353619e-29,12.787499999999994,-12.787499999999994
59387,2.524354896707238e-29,12.787499999999994,-12.787499999999994
86345,0.0021082537991192704,12.787499999999994,-12.785391746200876
2935,0.012698985823719741,12.787499999999994,-12.774801014176274
7327,0.0005326980013049226,12.399999999999995,-12.39946730199869
86377,0.025410014449268097,12.399999999999995,-12.374589985550728
7063,8.88178419701867e-16,12.012499999999996,-12.012499999999994
5147,3.1892474801305896e-05,12.012499999999996,-12.012468107525194
92535,0.00014497126366069222,12.012499999999996,-12.012355028736335
6669,0.0005979194407099303,11.624999999999996,-11.624402080559287
670,0.03663296187723418,11.624999999999996,-11.588367038122762
936,2.1684255640356274e-19,11.237499999999997,-11.237499999999997
2624,2.168933740563043e-19,11.237499999999997,-11.237499999999997
65514,8.890474755040208e-16,11.237499999999997,-11.237499999999995
214,2.4029244661039865e-07,11.237499999999997,-11.23749975970755
3077,4.0962976134605045e-06,11.237499999999997,-11.237495903702383
2920,0.0006510259035134994,11.237499999999997,-11.236848974096484
7132,2.3290264163784446e-10,10.462499999999999,-10.462499999767095
5385,1.0598274317529737e-22,9.6875,-9.6875
27815,3.308722450212111e-24,9.6875,-9.6875
5319,4.1359030627651384e-25,9.6875,-9.6875
30803,3.6379789714808865e-12,9.6875,-9.687499999996362
2936,2.9559663629422245e-11,9.6875,-9.68749999997044
3470,1.2710646627841287e-07,9.6875,-9.687499872893534
3090,1.0416654873011115e-06,9.6875,-9.687498958334512
71033,8.106387607318424e-06,9.6875,-9.687491893612393
7116,2.071548737110377e-25,9.3,-9.3
7766,2.5052450722873754e-10,9.3,-9.299999999749476
2330,0.003001866485477969,9.3,-9.296998133514522
58303,2.6469779601696886e-23,8.912500000000001,-8.912500000000001
62336,4.575895223528365e-12,8.912500000000001,-8.912499999995426
80906,7.396749881038246e-12,8.912500000000001,-8.912499999992605
1236,2.384471609210845e-07,8.912500000000001,-8.91249976155284
6235,1.3552527156068805e-20,8.525000000000002,-8.525000000000002
1809,5.293955920339377e-23,8.525000000000002,-8.525000000000002
4187,1.0587911840678754e-22,8.525000000000002,-8.525000000000002
96829,2.2889721654781797e-05,8.525000000000002,-8.524977110278348
86347,0.004427197193401993,8.525000000000002,-8.5205728028066
2905,0.009654233717406903,8.525000000000002,-8.515345766282595
55721,8.271806125530277e-25,8.137500000000003,-8.137500000000003
6985,1.4901164748561627e-08,8.137500000000003,-8.137499985098838
363,2.717420714651028e-25,7.750000000000003,-7.750000000000003
7013,4.606390551818191e-12,7.750000000000003,-7.749999999995397
26729,8.604702903178647e-23,7.3625000000000025,-7.3625000000000025
927,4.235164736271502e-22,7.3625000000000025,-7.3625000000000025
66371,4.475586568028366e-16,7.3625000000000025,-7.362500000000002
7215,1.421981530531018e-14,7.3625000000000025,-7.362499999999988
3789,9.094947028980037e-13,7.3625000000000025,-7.362499999999093
1900,3.638048638235244e-12,7.3625000000000025,-7.3624999999963645
74324,1.1519648123048163e-19,6.975000000000002,-6.975000000000002
89774,5.376694176433854e-23,6.975000000000002,-6.975000000000002
3224,5.706546374270938e-14,6.975000000000002,-6.9749999999999455
85774,2.008164810523894e-09,6.975000000000002,-6.974999997991837
2937,0.0009840682498126181,6.975000000000002,-6.9740159317501895
26150,0.00392241818179017,6.975000000000002,-6.9710775818182125
668,0.2148450658040613,6.975000000000002,-6.760154934195941
85342,2.0679515313825692e-25,6.587500000000002,-6.587500000000002
112552,0.008553486678592789,6.587500000000002,-6.57894651332141
4928,1.350065596696657e-21,6.200000000000002,-6.200000000000002
38304,3.388158499847452e-21,6.200000000000002,-6.200000000000002
8477,4.5165353915102425e-22,6.200000000000002,-6.200000000000002
7234,7.105488884360105e-14,6.200000000000002,-6.199999999999931
3634,5.820774614237876e-11,6.200000000000002,-6.199999999941794
6650,7.952995273556412e-10,6.200000000000002,-6.199999999204702
7700,1.2335309347721638e-07,6.200000000000002,-6.199999876646909
2609,8.077935669463161e-28,5.812500000000002,-5.812500000000002
4783,1.6944794848148772e-21,5.812500000000002,-5.812500000000002
3415,1.387778827376146e-17,5.812500000000002,-5.812500000000002
2066,8.367780132044781e-05,5.812500000000002,-5.812416322198682
7587,0.0004882871286469891,5.812500000000002,-5.812011712871355
5017,1.3243119197811708e-23,5.425000000000002,-5.425000000000002
26903,3.469658813588004e-18,5.425000000000002,-5.425000000000002
96488,1.0359952496086504e-25,5.425000000000002,-5.425000000000002
7767,1.0992999519407376e-14,5.425000000000002,-5.424999999999991
65188,2.2740143101887384e-13,5.425000000000002,-5.424999999999774
27741,8.673617379884035e-19,5.037500000000001,-5.037500000000001
37240,6.617444900424222e-24,5.037500000000001,-5.037500000000001
89759,1.3986208025069318e-17,5.037500000000001,-5.037500000000001
8580,1.6171648557030742e-27,5.037500000000001,-5.037500000000001
31364,3.663952821697539e-15,5.037500000000001,-5.037499999999998
6783,1.4902177560795127e-08,5.037500000000001,-5.037499985097824
26528,2.22046298994157e-16,4.650000000000001,-4.650000000000001
4920,3.2311742677852644e-27,4.650000000000001,-4.650000000000001
3038,1.8856491699046656e-09,4.650000000000001,-4.649999998114352
93721,5.171141005904777e-26,4.262500000000001,-4.262500000000001
3989,8.91647866652134e-16,4.262500000000001,-4.2625
5475,2.668308916819046e-23,3.875000000000001,-3.875000000000001
7762,5.048709793414476e-29,3.875000000000001,-3.875000000000001
5603,6.310887241768095e-30,3.875000000000001,-3.875000000000001
27727,6.945670193334657e-18,3.875000000000001,-3.875000000000001
26326,1.6940658945086007e-21,3.4875000000000007,-3.4875000000000007
8491,2.0437978582848817e-20,3.4875000000000007,-3.4875000000000007
7505,6.938893916831925e-18,3.4875000000000007,-3.4875000000000007
7566,1.280578386524989e-16,3.4875000000000007,-3.4875000000000007
8125,9.097180799500069e-13,3.4875000000000007,-3.4874999999990908
8656,2.997179773381651e-10,3.4875000000000007,-3.4874999997002827
6643,7.516118329990248e-09,3.4875000000000007,-3.4874999924838823
2925,1.4932899566763314e-08,3.4875000000000007,-3.4874999850671013
26082,2.04617613555022e-08,3.4875000000000007,-3.4874999795382395
4432,5.999150568955931e-08,3.4875000000000007,-3.487499940008495
95858,1.3555174174576426e-19,3.1000000000000005,-3.1000000000000005
84847,4.0389678347315804e-28,3.1000000000000005,-3.1000000000000005
8128,3.1554436208840472e-30,3.1000000000000005,-3.1000000000000005
8620,6.310887241768095e-30,3.1000000000000005,-3.1000000000000005
27002,3.637979009748185e-12,3.1000000000000005,-3.0999999999963626
36363,1.4555578964786165e-11,3.1000000000000005,-3.099999999985445
3739,6.938893903910384e-18,2.7125000000000004,-2.7125000000000004
50658,4.0389678347315804e-28,2.7125000000000004,-2.7125000000000004
5121,4.136912804723821e-25,2.7125000000000004,-2.7125000000000004
7396,0.0001251192797448161,2.7125000000000004,-2.7123748807202555
7926,0.031302337815046176,2.7125000000000004,-2.681197662184954
108583,0.047162344052615,2.7125000000000004,-2.6653376559473854
93040,0.07345494079017603,2.7125000000000004,-2.6390450592098245
32460,2.524354896707238e-29,2.325,-2.325
5304,3.315187954191302e-24,2.325,-2.325
32892,8.677852544636084e-19,2.325,-2.325
5056,2.5855705029523883e-26,2.325,-2.325
26578,1.3236505387982335e-23,2.325,-2.325
86781,1.1510792323757978e-12,2.325,-2.324999999998849
4298,5.531886532322925e-07,2.325,-2.324999446811347
7941,3.5486096746138904e-21,1.9375,-1.9375
7043,1.0593082035051573e-22,1.9375,-1.9375
5825,3.388131889991397e-21,1.9375,-1.9375
95311,8.88612207275622e-16,1.9375,-1.9374999999999991
2931,3.552713845104197e-15,1.9375,-1.9374999999999964
602,5.684347075239537e-14,1.9375,-1.9374999999999432
6896,1.1641769712990634e-10,1.9375,-1.9374999998835822
33779,5.587943069369357e-09,1.9375,-1.937499994412057
5498,4.773187690476912e-07,1.9375,-1.937499522681231
8516,1.3559151222667668e-20,1.55,-1.55
6935,1.262177448353619e-29,1.55,-1.55
100556,2.1175904460714203e-22,1.55,-1.55
26712,5.771748144703846e-25,1.55,-1.55
32853,2.6724827530998722e-15,1.55,-1.5499999999999974
96606,2.717825973405256e-13,1.55,-1.5499999999997283
93988,6.519753820617902e-09,1.55,-1.5499999934802462
6818,1.192093513920703e-07,1.55,-1.5499998807906485
104069,1.1026937949233248e-06,1.55,-1.549998897306205
60904,1.1948965640448026e-06,1.55,-1.549998805103436
26003,4.255918483396509e-22,1.1625,-1.1625
5932,8.271806125530277e-25,1.1625,-1.1625
82143,8.077935669463161e-28,1.1625,-1.1625
8188,8.159977203606146e-27,1.1625,-1.1625
42217,5.048709793414476e-29,1.1625,-1.1625
6123,2.0679515313825692e-25,1.1625,-1.1625
7939,1.4210854836190503e-14,1.1625,-1.1624999999999859
7096,1.8261503423279427e-12,1.1625,-1.162499999998174
7820,1.5078388177610177e-11,1.1625,-1.1624999999849217
48045,1.8626625283204976e-09,1.1625,-1.1624999981373376
7938,1.4901175455448426e-08,1.1625,-1.1624999850988247
58425,5.0291660090374434e-08,1.1625,-1.16249994970834
108979,1.4528643522214433e-07,1.1625,-1.1624998547135648
26587,2.69782728798947,3.4875000000000007,-0.7896727120105309
3338,1.262177448353619e-29,0.775,-0.775
5022,2.524354896707238e-29,0.775,-0.775
32657,4.336808689942018e-19,0.775,-0.775
3226,1.3687257353782e-23,0.775,-0.775
89678,2.7965432072226737e-20,0.775,-0.775
6981,5.421010862427522e-20,0.775,-0.775
53883,1.4266392971500565e-14,0.775,-0.7749999999999857
6918,1.1651799551182437e-13,0.775,-0.7749999999998834
38159,7.275973593503175e-12,0.775,-0.7749999999927241
93420,1.2937318845624594e-26,0.3875,-0.3875
96020,6.465503979191413e-27,0.3875,-0.3875
102217,5.759824045115775e-20,0.3875,-0.3875
108527,3.315186376469492e-24,0.3875,-0.3875
111778,3.1554436208840472e-30,0.3875,-0.3875
70186,1.0339757656912846e-25,0.3875,-0.3875
89347,8.30411786820813e-25,0.3875,-0.3875
8785,1.6940658945086007e-21,0.3875,-0.3875
8684,2.359766957441926e-25,0.3875,-0.3875
111130,2.776235187920695e-17,0.3875,-0.38749999999999996
26756,2.502338885128862e-16,0.3875,-0.38749999999999973
25987,8.52668905434338e-14,0.3875,-0.38749999999991475
69136,2.2937901578333614e-13,0.3875,-0.38749999999977064
96075,8.70244283199884e-06,0.3875,-0.387491297557168
26674,2.4800646589137165e-05,0.3875,-0.38747519935341085
104636,8.023387218210966e-05,0.3875,-0.3874197661278179
100553,0.23084312114950414,0.3875,-0.15665687885049587
3030,53.698984146118164,47.27500000000007,6.423984146118094
94466,18.310370006290213,6.200000000000002,12.11037000629021
3435,96.75926208496094,62.77500000000018,33.984262084960754
113315,42.04980339840574,0.3875,41.66230339840574
77658,234.48423528671265,21.699999999999978,212.78423528671266
1178,281.07269287109375,40.68750000000002,240.38519287109372
1193,757.2470703125,509.9499999999895,247.29707031251053
750,629.2958984375,344.09999999999434,285.19589843750566
6016,567.2348022460938,246.0624999999972,321.1723022460966
44555,832.3263244628906,100.36250000000045,731.9638244628902
1212,1100.966796875,76.72500000000028,1024.2417968749996
912,2662.09765625,427.4124999999919,2234.6851562500083
922,3024.52734375,96.10000000000042,2928.4273437499996
7502,9182.5078125,99.58750000000045,9082.9203125
904,9806.75,245.6749999999972,9561.075000000003
2019,19735.78125,153.4499999999999,19582.33125
1221,20833.3125,501.8124999999897,20331.50000000001
527,23377.25,1149.3250000000642,22227.924999999937
50,36714.5,994.325000000046,35720.17499999995
858,67052.0,867.2250000000311,66184.77499999997
318,79430.0,1667.412500000125,77762.58749999988
