item,weight_vector,weight,difference
296,9.59929418544393e-06,1668.9625000001251,-1668.962490400831
318,9.271979187146093e-06,1667.412500000125,-1667.4124907281457
356,2.647139518883078e-23,1618.5875000001192,-1618.5875000001192
593,3.735618609987159e-09,1536.0500000001095,-1536.049999996374
480,5.169878828456423e-26,1345.7875000000872,-1345.7875000000872
110,1.4836407609687088e-11,1220.6250000000725,-1220.6250000000578
150,2.524354896707238e-29,1210.5500000000713,-1210.5500000000713
260,7.520303185537187e-09,1172.1875000000668,-1172.1874999925465
527,7.184778688380028e-07,1149.3250000000642,-1149.3249992815863
1,7.272069377923295e-15,1122.587500000061,-1122.587500000061
589,3.6350710512584224e-27,1102.4375000000587,-1102.4375000000587
380,2.0352611354702105e-28,1085.3875000000567,-1085.3875000000567
50,0.00013984094956847253,994.325000000046,-994.3248601590964
2571,1.622598440109359e-14,981.5375000000445,-981.5375000000445
1210,3.6845941285075456e-20,906.7500000000357,-906.7500000000357
2858,0.003913879548772989,871.4875000000316,-871.4835861204828
608,1.9899994425795577e-12,870.3250000000314,-870.3250000000294
858,0.004552177712385554,867.2250000000311,-867.2204478223186
47,1.2803871154515248e-13,830.8000000000268,-830.8000000000267
2959,7.629397410934804e-06,793.9875000000225,-793.9874923706251
1196,3.8670798621734205e-06,765.3125000000191,-765.3124961329393
1198,0.00026012077982382446,742.4500000000164,-742.4497398792366
4993,3.8542788194651024e-06,691.6875000000105,-691.6874961457316
5952,9.536812878996956e-07,637.050000000004,-637.0499990463228
2028,7.295124367071953e-12,634.3375000000037,-634.3374999999965
1270,4.336808689942018e-19,625.4250000000027,-625.4250000000027
2762,1.1372014121124894e-13,616.9000000000017,-616.9000000000016
7153,3.080140608770658e-05,577.374999999997,-577.374969198591
1721,2.5950368338150404e-26,532.8124999999918,-532.8124999999918
1197,1.38777944252846e-17,530.8749999999916,-530.8749999999916
3578,3.686313859467802e-18,511.4999999999894,-511.4999999999894
1193,4.3266481517056946e-06,509.9499999999895,-509.94999567334133
4226,1.6646482602600705e-13,503.74999999998965,-503.7499999999895
1221,0.0012397503159177138,501.8124999999897,-501.8112602496738
1136,4.976347181110789e-14,474.2999999999905,-474.29999999999046
6,3.360424393940296e-24,472.74999999999056,-472.74999999999056
58559,6.05401645474421e-14,469.26249999999067,-469.2624999999906
541,5.709722425138246e-12,456.08749999999105,-456.08749999998537
4973,3.4162559634810333e-19,454.9249999999911,-454.9249999999911
1240,2.1684705194515675e-19,451.0499999999912,-451.0499999999912
912,1.2094132187597925e-09,427.4124999999919,-427.4124999987825
1214,2.2215472282974485e-16,417.3374999999922,-417.3374999999922
111,2.3843633123308514e-06,413.4624999999923,-413.462497615629
1617,1.223451820726434e-13,408.42499999999245,-408.42499999999234
1291,3.500628379145684e-21,408.03749999999246,-408.03749999999246
1036,1.5676727070079176e-20,405.32499999999254,-405.32499999999254
2997,2.7277356702686454e-19,404.93749999999255,-404.93749999999255
1213,4.4813304740161205e-11,390.98749999999296,-390.98749999994817
3996,3.5901442514779116e-15,385.5624999999931,-385.5624999999931
2329,1.3552560378156968e-20,384.78749999999314,-384.78749999999314
293,1.7347236827719602e-18,380.1374999999933,-380.1374999999933
1704,6.462348535570529e-26,376.6499999999934,-376.6499999999934
1089,5.829093735117324e-14,366.1874999999937,-366.18749999999363
778,2.3039296211386446e-19,362.6999999999938,-362.6999999999938
3114,1.3877801042768944e-17,356.112499999994,-356.112499999994
7361,3.936761697788054e-12,353.78749999999405,-353.78749999999013
104,1.6543612251060553e-24,351.8499999999941,-351.8499999999941
924,1.3624057668084556e-13,348.7499999999942,-348.7499999999941
750,2.5398805077163466e-07,344.09999999999434,-344.0999997460063
1200,2.910455144176203e-11,340.99999999999443,-340.9999999999653
1208,7.153037235136146e-07,325.1124999999949,-325.1124992846912
1206,1.192099350106983e-07,313.8749999999952,-313.8749998807853
6874,7.630133690039337e-21,295.27499999999577,-295.27499999999577
1225,1.9568189046605148e-14,292.94999999999584,-292.94999999999584
2324,3.308738227430215e-24,290.2374999999959,-290.2374999999959
79132,2.7105321287911487e-20,285.19999999999607,-285.19999999999607
1258,2.710511933951975e-20,283.6499999999961,-283.6499999999961
919,9.237766870371565e-13,283.6499999999961,-283.6499999999952
1610,5.048709793414476e-29,282.87499999999613,-282.87499999999613
16,5.048709793414476e-29,266.2124999999966,-266.2124999999966
923,4.343041904940837e-06,262.33749999999674,-262.33749565695484
2918,5.42105222145815e-20,260.7874999999968,-260.7874999999968
33794,2.0679515313825692e-25,254.58749999999694,-254.58749999999694
1222,1.086319762947353e-19,253.42499999999697,-253.42499999999697
4878,7.105430068110396e-14,253.42499999999697,-253.42499999999688
1387,4.3889119899116586e-11,249.93749999999707,-249.9374999999532
6016,8.055194770645673e-12,246.0624999999972,-246.06249999998914
904,6.664406138485422e-15,245.6749999999972,-245.6749999999972
1230,1.4213469823563285e-14,242.96249999999728,-242.96249999999725
7438,8.077935669463161e-28,241.7999999999973,-241.7999999999973
908,3.559741153874219e-15,239.86249999999737,-239.86249999999737
1219,9.256692510770392e-13,236.76249999999746,-236.76249999999652
1148,8.006886733026248e-15,236.37499999999747,-236.37499999999747
1304,8.470329724978493e-22,231.7249999999976,-231.7249999999976
4034,4.2352940463510855e-22,229.0124999999977,-229.0124999999977
4011,2.710526110729075e-20,221.2624999999979,-221.2624999999979
1233,3.123872022425139e-17,221.2624999999979,-221.2624999999979
48516,7.44462709069906e-24,219.32499999999797,-219.32499999999797
1247,3.05461297182587e-20,219.32499999999797,-219.32499999999797
1252,2.98604568816424e-08,218.162499999998,-218.16249997013756
246,1.4338801322490175e-17,208.0874999999983,-208.0874999999983
1207,1.9839173168019684e-14,207.6999999999983,-207.69999999999828
5618,4.541062339343914e-16,207.31249999999832,-207.31249999999832
1204,2.9355061770203056e-11,204.2124999999984,-204.21249999996905
903,2.3841888609104696e-07,202.27499999999847,-202.27499976157958
1234,6.617444900424222e-24,201.1124999999985,-201.1124999999985
1203,1.7644230988659705e-18,201.1124999999985,-201.1124999999985
1288,3.996816442108399e-15,201.1124999999985,-201.1124999999985
913,1.9274681213135377e-12,199.56249999999855,-199.56249999999662
3949,6.643300605453745e-24,194.9124999999987,-194.9124999999987
745,3.6586826283897906e-15,194.5249999999987,-194.5249999999987
1673,6.617444900424222e-24,194.1374999999987,-194.1374999999987
953,1.9712652309185595e-14,188.32499999999888,-188.32499999999885
1250,1.1368844374885094e-13,186.38749999999894,-186.38749999999882
2194,1.6940658945086007e-21,184.83749999999898,-184.83749999999898
32587,5.562296331073973e-17,181.34999999999908,-181.34999999999908
2395,8.735027836539824e-22,181.34999999999908,-181.34999999999908
2804,8.470329472543003e-22,180.18749999999912,-180.18749999999912
1278,1.5777218104420236e-30,179.02499999999915,-179.02499999999915
1035,5.421013447366936e-20,176.31249999999923,-176.31249999999923
3471,7.888609052210118e-30,174.3749999999993,-174.3749999999993
1242,2.879912063894199e-20,170.8874999999994,-170.8874999999994
6711,1.3238942968179468e-23,170.4999999999994,-170.4999999999994
5060,2.710505431213761e-20,170.11249999999941,-170.11249999999941
1028,1.0339757656912846e-25,168.94999999999945,-168.94999999999945
1090,2.068961273341252e-25,167.3999999999995,-167.3999999999995
910,6.630369597495362e-24,166.62499999999952,-166.62499999999952
1276,3.2311742677852644e-26,164.68749999999957,-164.68749999999957
1199,6.04516573500288e-14,160.8124999999997,-160.81249999999963
899,2.0005698574111898e-15,159.64999999999972,-159.64999999999972
3160,4.054745052836001e-28,158.87499999999974,-158.87499999999974
1266,9.163676801439497e-16,158.48749999999976,-158.48749999999976
1201,9.392665370501578e-10,156.16249999999982,-156.16249999906054
2019,1.2305970858279535e-07,153.4499999999999,-153.44999987694018
914,4.54754289780368e-13,152.28749999999994,-152.28749999999948
720,7.118521337725637e-15,151.51249999999996,-151.51249999999996
969,8.271806125530277e-25,150.35,-150.35
1997,5.724588471751349e-17,144.53750000000016,-144.53750000000016
8665,5.169878828456423e-26,142.60000000000022,-142.60000000000022
3421,1.2292566375304421e-19,141.82500000000024,-141.82500000000024
1172,1.6543612251060553e-24,140.66250000000028,-140.66250000000028
1263,2.22104003938468e-16,137.17500000000038,-137.17500000000038
1262,9.102637555749592e-13,135.23750000000044,-135.23749999999953
306,1.262177448353619e-29,132.13750000000053,-132.13750000000053
3000,3.1554436208840472e-30,129.4250000000006,-129.4250000000006
4979,4.350361270412462e-18,127.10000000000065,-127.10000000000065
55820,1.500557645503839e-23,122.06250000000061,-122.06250000000061
3671,2.7755575615628914e-17,114.31250000000055,-114.31250000000055
1287,3.1554436208840472e-30,113.53750000000055,-113.53750000000055
1244,9.16194521553729e-18,113.15000000000055,-113.15000000000055
1228,1.4687378092100155e-10,111.98750000000054,-111.98749999985367
1907,6.310887241768095e-30,109.66250000000052,-109.66250000000052
1235,1.3234889800848443e-23,107.3375000000005,-107.3375000000005
1267,1.0097419586828951e-28,105.78750000000049,-105.78750000000049
898,2.710505431213761e-20,103.46250000000047,-103.46250000000047
3275,8.077935669463161e-28,101.91250000000046,-101.91250000000046
2289,1.3234889800848443e-23,99.97500000000045,-99.97500000000045
7502,9.107593053866221e-15,99.58750000000045,-99.58750000000043
5010,1.0996247702237772e-25,99.20000000000044,-99.20000000000044
6942,8.3043703036978e-25,98.81250000000044,-98.81250000000044
162,2.221843661885089e-16,97.65000000000043,-97.65000000000043
1104,1.7889335846010823e-18,96.87500000000043,-96.87500000000043
922,5.244026616376659e-10,96.10000000000042,-96.09999999947601
1912,5.048709793414476e-29,94.93750000000041,-94.93750000000041
2366,1.6155871338926322e-27,93.0000000000004,-93.0000000000004
5902,8.881784197001268e-16,92.22500000000039,-92.22500000000039
2944,3.3881317890172014e-21,91.06250000000038,-91.06250000000038
30707,5.048709793414476e-29,91.06250000000038,-91.06250000000038
4848,5.048709793414476e-29,82.15000000000032,-82.15000000000032
1284,8.79314948452921e-19,81.37500000000031,-81.37500000000031
3424,5.210268506803739e-26,78.66250000000029,-78.66250000000029
1884,3.1554436208840472e-30,77.50000000000028,-77.50000000000028
1212,2.976565329724842e-13,76.72500000000028,-76.72499999999998
954,5.169878828456423e-26,74.78750000000026,-74.78750000000026
27773,2.0679515313825692e-25,72.07500000000024,-72.07500000000024
1256,2.5849394142282115e-26,68.20000000000022,-68.20000000000022
1982,1.0852609636695723e-19,67.03750000000021,-67.03750000000021
3435,4.856900110013333e-13,62.77500000000018,-62.7749999999997
2186,1.4040424777224546e-17,62.38750000000018,-62.38750000000018
1245,5.314635435653203e-23,62.00000000000018,-62.00000000000018
1945,8.470338181567397e-22,59.67500000000016,-59.67500000000016
909,5.611599905146787e-20,59.67500000000016,-59.67500000000016
2010,2.481948889886177e-24,58.12500000000015,-58.12500000000015
1254,7.771307398134625e-12,56.96250000000014,-56.96249999999237
930,2.6051342534018694e-26,56.57500000000014,-56.57500000000014
3083,3.5155176033503676e-24,56.57500000000014,-56.57500000000014
1283,1.2924697071141057e-26,55.41250000000013,-55.41250000000013
3504,4.446059264408914e-16,54.637500000000124,-54.637500000000124
926,8.898252879072466e-15,53.86250000000012,-53.86250000000011
1248,1.4946644368557658e-19,50.37500000000009,-50.37500000000009
3030,1.7965906605416912e-15,47.27500000000007,-47.27500000000007
955,1.0340388745637023e-25,46.500000000000064,-46.500000000000064
1260,5.1156995704091135e-15,46.500000000000064,-46.50000000000006
940,3.1554436208840472e-30,45.72500000000006,-45.72500000000006
1237,1.4210855787683957e-14,45.72500000000006,-45.725000000000044
6787,1.262177448353619e-29,45.337500000000055,-45.337500000000055
1209,1.474287081517492e-14,44.17500000000005,-44.17500000000003
3462,4.444150412841625e-16,42.23750000000003,-42.23750000000003
1217,5.685773033621374e-14,42.23750000000003,-42.237499999999976
5291,6.053249341655808e-11,41.85000000000003,-41.8499999999395
1131,2.067983085818778e-25,41.46250000000003,-41.46250000000003
1211,3.1554436208840472e-30,40.68750000000002,-40.68750000000002
1178,7.782792266221749e-15,40.68750000000002,-40.687500000000014
951,2.887473216992325e-14,40.68750000000002,-40.68749999999999
905,1.6940667023021676e-21,39.912500000000016,-39.912500000000016
5673,1.951563910473908e-18,39.912500000000016,-39.912500000000016
3468,1.6154665524731366e-17,39.52500000000001,-39.52500000000001
3095,5.36425415550288e-29,39.52500000000001,-39.52500000000001
64839,6.471814866433181e-27,39.13750000000001,-39.13750000000001
3089,6.966000719829387e-18,39.13750000000001,-39.13750000000001
1281,1.6543643805496762e-24,36.81249999999999,-36.81249999999999
3730,1.1111175164429917e-15,36.03749999999999,-36.03749999999999
1719,6.462348535570529e-27,35.26249999999998,-35.26249999999998
2731,1.4082718462513716e-12,34.487499999999976,-34.48749999999857
1251,8.893970899170992e-14,33.71249999999997,-33.71249999999988
3307,1.5749507501595607e-12,33.32499999999997,-33.32499999999839
2973,6.882196010816609e-21,32.54999999999996,-32.54999999999996
8638,1.0097419586828951e-28,31.77499999999996,-31.77499999999996
1227,1.262177448353619e-29,30.99999999999996,-30.99999999999996
1218,5.55653613398821e-17,26.73749999999997,-26.73749999999997
599,5.578220177448018e-17,24.412499999999973,-24.412499999999973
3265,5.048709793414476e-29,23.637499999999974,-23.637499999999974
77658,8.848798848042547e-19,21.699999999999978,-21.699999999999978
3022,5.56196050571427e-17,21.31249999999998,-21.31249999999998
6993,1.0097419586828951e-28,20.14999999999998,-20.14999999999998
1361,6.310887241768095e-30,19.76249999999998,-19.76249999999998
3741,3.33265164108674e-17,19.76249999999998,-19.76249999999998
3629,2.949029909160572e-17,17.049999999999986,-17.049999999999986
1232,8.29023391627624e-25,16.662499999999987,-16.662499999999987
4914,1.0842022048130243e-19,15.887499999999989,-15.887499999999989
2732,2.5849394142282115e-26,15.49999999999999,-15.49999999999999
3742,9.095085795872317e-13,14.337499999999991,-14.337499999999082
26131,5.675894042136638e-16,13.562499999999993,-13.562499999999993
3365,2.885547604541372e-17,13.174999999999994,-13.174999999999994
2351,2.0719904992173008e-25,13.174999999999994,-13.174999999999994
3091,1.5777218104420236e-30,13.174999999999994,-13.174999999999994
3134,1.1657413199521726e-15,13.174999999999994,-13.174999999999992
7327,1.2722684119027995e-21,12.399999999999995,-12.399999999999995
5147,5.55423215244939e-17,12.012499999999996,-12.012499999999996
7063,8.401179313986523e-25,12.012499999999996,-12.012499999999996
6669,6.516138205237962e-19,11.624999999999996,-11.624999999999996
670,8.109490105672001e-28,11.624999999999996,-11.624999999999996
2920,1.7348294585022568e-18,11.237499999999997,-11.237499999999997
8154,1.3552528396158148e-20,10.849999999999998,-10.849999999999998
3470,5.048709793414476e-29,9.6875,-9.6875
7766,1.5777218104420236e-30,9.3,-9.3
2905,1.6190581218756046e-26,8.525000000000002,-8.525000000000002
4380,1.5777218104420236e-30,8.137500000000003,-8.137500000000003
6985,2.819181335484068e-17,8.137500000000003,-8.137500000000003
7064,3.6366487730688644e-27,8.137500000000003,-8.137500000000003
26150,5.048709793414476e-29,6.975000000000002,-6.975000000000002
6783,8.606878897099609e-22,5.037500000000001,-5.037500000000001
6643,1.1291078785765608e-22,3.4875000000000007,-3.4875000000000007
8125,1.1382756801065057e-13,3.4875000000000007,-3.487499999999887
8620,3.1554436208840472e-30,3.1000000000000005,-3.1000000000000005
871,1.2924697071141057e-26,1.9375,-1.9375
790,3.637978807092542e-12,1.9375,-1.937499999996362
52462,1.9073486328125e-06,1.9375,-1.9374980926513672
69685,3.814697265625e-06,1.9375,-1.9374961853027344
843,6.649756643102074e-24,1.55,-1.55
42351,8.077935669463161e-28,1.55,-1.55
57845,2.220446049250313e-16,1.55,-1.5499999999999998
1420,7.105427357601002e-15,1.55,-1.549999999999993
1139,0.07519537210464478,1.55,-1.4748046278953553
8197,6.782881076577368e-21,1.1625,-1.1625
658,2.710505431213761e-20,1.1625,-1.1625
2588,1.323690928476581e-23,1.1625,-1.1625
26699,5.331437541845686e-26,1.1625,-1.1625
812,1.6155871338926322e-27,1.1625,-1.1625
26003,5.421016199229318e-20,1.1625,-1.1625
4856,6.938893903907228e-18,1.1625,-1.1625
2234,2.2204460513182646e-16,1.1625,-1.1624999999999999
78653,5.684558770201461e-14,1.1625,-1.1624999999999432
777,9.37916411203384e-13,1.1625,-1.1624999999990622
69992,2.3283064366742216e-10,1.1625,-1.1624999997671694
73874,1.862645149230957e-09,1.1625,-1.162499998137355
895,1.4901161193847656e-08,1.1625,-1.162499985098839
690,2.98023224015731e-08,1.1625,-1.1624999701976777
26736,2.9802322387695312e-08,1.1625,-1.1624999701976777
1115,5.960464477540698e-08,1.1625,-1.1624999403953553
33270,5.960464832810436e-08,1.1625,-1.1624999403953518
110445,9.5367431640625e-07,1.1625,-1.1624990463256837
112006,9.555390381166262e-07,1.1625,-1.162499044460962
1577,1.907348633700707e-06,1.1625,-1.1624980926513664
5181,0.000244140625,1.1625,-1.162255859375
48045,0.0004882850917074047,1.1625,-1.1620117149082927
32464,0.0078125,1.1625,-1.1546875
81751,0.0117340087890625,1.1625,-1.1507659912109376
85177,0.8794768471527876,1.9375,-1.0580231528472124
74787,2.168404344971009e-19,0.775,-0.775
79430,6.462348535570529e-27,0.775,-0.775
80729,4.235173066642661e-22,0.775,-0.775
73276,3.2311742677852644e-27,0.775,-0.775
26483,5.293956078111558e-23,0.775,-0.775
7220,2.710505431213761e-20,0.775,-0.775
48229,3.4694471717744386e-18,0.775,-0.775
26370,2.1685785632137646e-19,0.775,-0.775
45508,1.9878999777590945e-23,0.775,-0.775
45412,4.235164736271502e-22,0.775,-0.775
50354,1.734738365227833e-18,0.775,-0.775
27357,8.271806125530277e-25,0.775,-0.775
41136,3.3881317890172014e-21,0.775,-0.775
26073,2.71050543184485e-20,0.775,-0.775
31347,8.474465375605769e-22,0.775,-0.775
50909,5.048709793414476e-29,0.775,-0.775
27646,6.462348535570529e-26,0.775,-0.775
57393,6.617444900424222e-24,0.775,-0.775
30867,2.6469779601696886e-23,0.775,-0.775
63828,2.168404344971009e-19,0.775,-0.775
47774,4.354296572751373e-19,0.775,-0.775
67138,6.462348535570529e-27,0.775,-0.775
70121,2.524354896707238e-29,0.775,-0.775
71591,8.336429610885982e-25,0.775,-0.775
25975,1.34416849539867e-23,0.775,-0.775
34238,4.21668241945977e-25,0.775,-0.775
92152,2.0679515313825692e-25,0.775,-0.775
103639,7.39311907515736e-18,0.775,-0.775
5104,2.0194839173657902e-28,0.775,-0.775
4609,4.336808689942018e-19,0.775,-0.775
115667,7.94222635021618e-23,0.775,-0.775
114762,5.171141005904777e-26,0.775,-0.775
93803,1.5512160840265976e-25,0.775,-0.775
1106,1.0847315680775384e-19,0.775,-0.775
99633,1.3234889800848443e-23,0.775,-0.775
101070,1.1632227364026952e-25,0.775,-0.775
4818,6.776278118318608e-21,0.775,-0.775
89321,2.168404344971009e-19,0.775,-0.775
1315,1.734736710866608e-18,0.775,-0.775
773,5.421016032306351e-20,0.775,-0.775
87004,2.168404344971009e-19,0.775,-0.775
873,8.474465375605769e-22,0.775,-0.775
3294,3.334571844354393e-24,0.775,-0.775
107052,4.168230582661095e-25,0.775,-0.775
3609,1.0339757656912846e-25,0.775,-0.775
2703,1.3234889800848443e-23,0.775,-0.775
108983,4.440892098500626e-16,0.775,-0.7749999999999996
1319,1.1381373437871417e-13,0.775,-0.7749999999998862
5551,2.2737367544323206e-13,0.775,-0.7749999999997726
33264,2.27373679797511e-13,0.775,-0.7749999999997726
75351,4.570788472002421e-13,0.775,-0.7749999999995429
27627,9.096057240753908e-13,0.775,-0.7749999999990904
47152,3.6379788071447575e-12,0.775,-0.774999999996362
58898,3.637985964553217e-12,0.775,-0.774999999996362
5889,1.4551915228366852e-11,0.775,-0.7749999999854481
7112,2.9103830456733704e-11,0.775,-0.7749999999708962
54284,2.910383045684124e-11,0.775,-0.7749999999708962
857,2.9103837397321673e-11,0.775,-0.7749999999708962
27544,5.820766091346823e-11,0.775,-0.7749999999417924
4449,2.328306436539226e-10,0.775,-0.7749999997671694
5196,4.656612873077393e-10,0.775,-0.7749999995343387
58309,9.914060926497765e-10,0.775,-0.774999999008594
67534,3.725290298461914e-09,0.775,-0.7749999962747097
826,3.725297403889272e-09,0.775,-0.7749999962747026
73713,7.508788257837296e-09,0.775,-0.7749999924912118
92094,1.2435092621730892e-07,0.775,-0.7749998756490738
60551,2.3842585505917684e-07,0.775,-0.774999761574145
69495,2.3847690400246105e-07,0.775,-0.774999761523096
6654,3.020469723476763e-07,0.775,-0.7749996979530277
6866,5.662732340853508e-07,0.775,-0.7749994337267659
5235,9.5367431640625e-07,0.775,-0.7749990463256836
56095,9.53907604359062e-07,0.775,-0.7749990460923957
7196,1.9073486328125e-06,0.775,-0.7749980926513672
92954,1.9679030280892864e-06,0.775,-0.7749980320969719
3887,4.295260623635601e-06,0.775,-0.7749957047393764
118930,1.5260768122973213e-05,0.775,-0.774984739231877
106503,1.8170738664259367e-05,0.775,-0.7749818292613357
2538,3.0525494368036223e-05,0.775,-0.774969474505632
1830,0.00021247560662028938,0.775,-0.7747875243933797
93242,0.000244140625,0.775,-0.774755859375
73824,0.0002442002455664422,0.775,-0.7747557997544335
99764,0.00024431200887534534,0.775,-0.7747556879911247
51773,0.00026111226785660314,0.775,-0.7747388877321434
6891,0.0003743886856357409,0.775,-0.7746256113143642
110461,0.001709599164314569,0.775,-0.7732904008356855
4657,0.001953125,0.775,-0.773046875
79523,0.003864640881601016,0.775,-0.771135359118399
40226,0.0039062500000000035,0.775,-0.77109375
80648,0.003967285390899633,0.775,-0.7710327146091004
8964,0.015625,0.775,-0.759375
71418,0.015648157339684943,0.775,-0.7593518426603151
1165,0.03127288818451823,0.775,-0.7437271118154818
8825,0.06464576723937032,0.775,-0.7103542327606297
3228,0.06901551434284414,0.775,-0.7059844856571559
57276,0.11742671172234681,0.775,-0.6575732882776533
7407,0.12703039503160402,0.775,-0.6479696049683961
97665,0.14126793860486947,0.775,-0.6337320613951305
80281,0.25,0.775,-0.525
768,0.2502441443502903,0.775,-0.5247558556497097
108899,2.5849394142282115e-26,0.3875,-0.3875
104636,3.101455911725326e-19,0.3875,-0.3875
105195,1.6556139362235463e-24,0.3875,-0.3875
33090,4.311172178687143e-25,0.3875,-0.3875
109372,2.0680777491274045e-25,0.3875,-0.3875
40752,8.271806125530277e-25,0.3875,-0.3875
33310,2.7105577502044893e-20,0.3875,-0.3875
116529,7.099748146989106e-29,0.3875,-0.3875
114554,4.0389678347315804e-28,0.3875,-0.3875
40697,2.0740099831346666e-25,0.3875,-0.3875
41336,5.295248390046491e-23,0.3875,-0.3875
41736,5.30429567799629e-23,0.3875,-0.3875
34659,1.2959406950970782e-26,0.3875,-0.3875
109781,2.8398992587956425e-29,0.3875,-0.3875
126426,8.274835351406325e-25,0.3875,-0.3875
46331,1.0097419586828951e-28,0.3875,-0.3875
46409,3.469568134822121e-18,0.3875,-0.3875
109742,2.6469779601696886e-23,0.3875,-0.3875
47221,2.524354896707238e-29,0.3875,-0.3875
47538,2.524354896707238e-29,0.3875,-0.3875
109376,4.0389678347315804e-28,0.3875,-0.3875
47904,7.573064690121713e-29,0.3875,-0.3875
33933,1.6941694940335615e-21,0.3875,-0.3875
115147,9.466330862652142e-30,0.3875,-0.3875
39818,3.1554436208840472e-30,0.3875,-0.3875
81456,6.776263578034403e-21,0.3875,-0.3875
102084,2.117582368135751e-22,0.3875,-0.3875
93420,5.048709793414476e-29,0.3875,-0.3875
71688,1.0587911840678754e-22,0.3875,-0.3875
71993,8.141044541880842e-28,0.3875,-0.3875
93139,1.6318831321718747e-21,0.3875,-0.3875
72104,8.077935669463161e-28,0.3875,-0.3875
92719,1.262177448353619e-29,0.3875,-0.3875
72612,6.617444900424222e-24,0.3875,-0.3875
92665,2.0194839173657902e-28,0.3875,-0.3875
92498,6.776263578034403e-21,0.3875,-0.3875
71433,5.47161812470346e-25,0.3875,-0.3875
92437,1.3293050937668578e-23,0.3875,-0.3875
74480,2.524354896707238e-29,0.3875,-0.3875
74621,7.589415207430085e-19,0.3875,-0.3875
89945,1.7347371390098202e-18,0.3875,-0.3875
78539,1.7479599668735724e-17,0.3875,-0.3875
87360,4.533021000396664e-21,0.3875,-0.3875
127,2.6469779601696886e-23,0.3875,-0.3875
79519,2.5559093329160782e-28,0.3875,-0.3875
80337,1.8740987457997303e-23,0.3875,-0.3875
81111,1.2948476274806936e-19,0.3875,-0.3875
90254,2.0760294670520323e-25,0.3875,-0.3875
50898,6.617444900424222e-24,0.3875,-0.3875
71147,3.1472549764751453e-20,0.3875,-0.3875
96935,3.862378165654236e-24,0.3875,-0.3875
52891,2.199099625321126e-22,0.3875,-0.3875
53788,6.617448055867842e-24,0.3875,-0.3875
101962,1.2924697071141057e-26,0.3875,-0.3875
56511,1.0097419586828951e-28,0.3875,-0.3875
101918,6.205534901007986e-21,0.3875,-0.3875
101186,5.169878828456423e-26,0.3875,-0.3875
58287,2.710505431213761e-20,0.3875,-0.3875
58870,4.508350634229228e-19,0.3875,-0.3875
60201,5.293955920339377e-23,0.3875,-0.3875
96075,8.271806125530277e-25,0.3875,-0.3875
60309,1.4965656937790584e-23,0.3875,-0.3875
61136,1.3986208025466904e-17,0.3875,-0.3875
61206,5.645548070352761e-23,0.3875,-0.3875
62594,5.171141005904777e-26,0.3875,-0.3875
100562,1.660728530102043e-21,0.3875,-0.3875
64321,5.422334600214337e-20,0.3875,-0.3875
65300,1.3234889800848443e-23,0.3875,-0.3875
66506,3.3881317890172014e-21,0.3875,-0.3875
69136,3.527045295777105e-18,0.3875,-0.3875
98795,1.4098046566420125e-17,0.3875,-0.3875
82739,2.524354896707238e-29,0.3875,-0.3875
32653,8.077935669463161e-28,0.3875,-0.3875
32562,1.3234889800848443e-23,0.3875,-0.3875
2603,1.262177448353619e-29,0.3875,-0.3875
6757,1.262177448353619e-29,0.3875,-0.3875
5767,6.462348535570529e-27,0.3875,-0.3875
26950,2.202332197134891e-20,0.3875,-0.3875
3346,1.262177448353619e-29,0.3875,-0.3875
796,3.1554436208840472e-30,0.3875,-0.3875
26749,3.2311742677852644e-27,0.3875,-0.3875
5828,6.640738306473715e-19,0.3875,-0.3875
2319,8.487455958339714e-22,0.3875,-0.3875
7769,8.470329472543003e-22,0.3875,-0.3875
26616,8.470361784285681e-22,0.3875,-0.3875
129013,1.3900790303296059e-18,0.3875,-0.3875
8685,2.710505431213761e-20,0.3875,-0.3875
5150,2.0679515313825692e-25,0.3875,-0.3875
821,5.048709793414476e-29,0.3875,-0.3875
8733,6.462348535570529e-27,0.3875,-0.3875
7583,2.0679515313825692e-25,0.3875,-0.3875
26070,4.235690086079943e-22,0.3875,-0.3875
8068,3.6525024886450506e-18,0.3875,-0.3875
8845,8.271806125530277e-25,0.3875,-0.3875
4592,3.308722450212111e-24,0.3875,-0.3875
25874,6.310887241768095e-30,0.3875,-0.3875
3642,3.1554436208840472e-30,0.3875,-0.3875
7483,7.549741228597949e-24,0.3875,-0.3875
4536,6.310887241768095e-30,0.3875,-0.3875
7490,1.6543612251060553e-24,0.3875,-0.3875
8867,2.117582368135751e-22,0.3875,-0.3875
4594,1.3552527156068805e-20,0.3875,-0.3875
8613,1.0842021724855044e-19,0.3875,-0.3875
5687,2.168404344971009e-19,0.3875,-0.3875
2981,1.0097419586828951e-28,0.3875,-0.3875
32419,2.806472384708752e-20,0.3875,-0.3875
6388,2.0679515313825692e-25,0.3875,-0.3875
3233,4.38360887624676e-19,0.3875,-0.3875
4309,8.47511790556935e-22,0.3875,-0.3875
31148,1.0339757656912846e-25,0.3875,-0.3875
1424,3.38814472002516e-21,0.3875,-0.3875
30991,3.2311742677852644e-27,0.3875,-0.3875
30981,8.271806125530277e-25,0.3875,-0.3875
32593,4.235164736271502e-22,0.3875,-0.3875
27909,3.983395739402381e-23,0.3875,-0.3875
6402,1.741632091696646e-18,0.3875,-0.3875
8257,6.776263578034403e-21,0.3875,-0.3875
8398,1.262177448353619e-29,0.3875,-0.3875
1143,2.0679515313825692e-25,0.3875,-0.3875
8453,8.077935669463161e-28,0.3875,-0.3875
8421,6.465503979191413e-27,0.3875,-0.3875
27220,5.42167269053682e-20,0.3875,-0.3875
27362,1.5777218104420236e-30,0.3875,-0.3875
27862,4.33684177716652e-19,0.3875,-0.3875
7563,5.505714157152952e-20,0.3875,-0.3875
6555,2.524354896707238e-29,0.3875,-0.3875
27762,5.299200425409467e-23,0.3875,-0.3875
6604,1.3260743928156156e-23,0.3875,-0.3875
68069,5.551115123125783e-17,0.3875,-0.38749999999999996
7899,2.7755575615628914e-17,0.3875,-0.38749999999999996
8203,6.940418728648566e-17,0.3875,-0.38749999999999996
67744,3.470752522169967e-17,0.3875,-0.38749999999999996
55684,5.552642622204039e-17,0.3875,-0.38749999999999996
102066,5.551115123125783e-17,0.3875,-0.38749999999999996
65927,4.163346931872396e-17,0.3875,-0.38749999999999996
6026,5.572802229163243e-17,0.3875,-0.38749999999999996
90945,5.57281523457956e-17,0.3875,-0.38749999999999996
70541,6.376204097584747e-17,0.3875,-0.38749999999999996
6151,8.502855540953949e-17,0.3875,-0.3874999999999999
2958,1.1635404704548445e-16,0.3875,-0.3874999999999999
68175,1.422975559222703e-16,0.3875,-0.38749999999999984
6704,2.2247828590065426e-16,0.3875,-0.3874999999999998
77353,2.2595112894303313e-16,0.3875,-0.3874999999999998
6307,4.440892098500626e-16,0.3875,-0.38749999999999957
69243,4.449346546109463e-16,0.3875,-0.38749999999999957
1877,4.440892098500626e-16,0.3875,-0.38749999999999957
72913,4.727313792734708e-16,0.3875,-0.3874999999999995
49815,4.996016316307413e-16,0.3875,-0.3874999999999995
100509,8.108282196959818e-16,0.3875,-0.3874999999999992
82928,8.881784345897928e-16,0.3875,-0.3874999999999991
89939,8.883986551181195e-16,0.3875,-0.3874999999999991
91844,8.88182337240431e-16,0.3875,-0.3874999999999991
69803,9.448959924820964e-16,0.3875,-0.38749999999999907
75406,3.0887230081136763e-15,0.3875,-0.3874999999999969
1930,3.552930572174557e-15,0.3875,-0.38749999999999646
44861,3.557113890005169e-15,0.3875,-0.38749999999999646
93628,5.531193905260807e-15,0.3875,-0.38749999999999446
83180,7.10586498619192e-15,0.3875,-0.3874999999999929
693,7.343192894649882e-15,0.3875,-0.3874999999999927
1140,7.550383929603464e-15,0.3875,-0.38749999999999246
102217,1.4210856415898344e-14,0.3875,-0.3874999999999858
26756,1.4322414363556223e-14,0.3875,-0.3874999999999857
92475,2.842170943040401e-14,0.3875,-0.3874999999999716
25751,2.8421743364687306e-14,0.3875,-0.3874999999999716
7574,2.842170943040401e-14,0.3875,-0.3874999999999716
70789,2.8632316970086034e-14,0.3875,-0.38749999999997137
94503,2.886926904011853e-14,0.3875,-0.38749999999997115
60411,3.5530719845732656e-14,0.3875,-0.3874999999999645
81092,5.398594223519213e-14,0.3875,-0.387499999999946
2591,5.684342055488683e-14,0.3875,-0.38749999999994317
654,6.943507526688807e-14,0.3875,-0.38749999999993057
81147,8.012769180339424e-14,0.3875,-0.3874999999999199
5919,1.136868377745556e-13,0.3875,-0.3874999999998863
87413,1.1724041880186106e-13,0.3875,-0.38749999999988277
58881,1.2079226507921703e-13,0.3875,-0.3874999999998792
82641,1.714387369402329e-13,0.3875,-0.3874999999998286
82671,1.856225308942797e-13,0.3875,-0.3874999999998144
26691,2.2737367544323206e-13,0.3875,-0.38749999999977264
142,2.274291865944633e-13,0.3875,-0.3874999999997726
7878,4.547473508868777e-13,0.3875,-0.38749999999954526
105246,4.547490856099401e-13,0.3875,-0.38749999999954526
7403,4.547473508864641e-13,0.3875,-0.38749999999954526
78009,5.245307965367049e-13,0.3875,-0.3874999999994755
108527,6.180432763436811e-13,0.3875,-0.38749999999938195
81276,1.1404210908949608e-12,0.3875,-0.3874999999988596
81075,1.399396439568521e-12,0.3875,-0.38749999999860063
5194,1.828359701381643e-12,0.3875,-0.38749999999817164
97858,1.946898855644923e-12,0.3875,-0.3874999999980531
26372,3.2857546458819246e-12,0.3875,-0.38749999999671425
1314,3.64153152119403e-12,0.3875,-0.3874999999963585
9007,3.922695529285529e-12,0.3875,-0.3874999999960773
93008,5.546921850402992e-12,0.3875,-0.3874999999944531
27451,6.2977935792647215e-12,0.3875,-0.3874999999937022
6637,7.275957615030459e-12,0.3875,-0.38749999999272405
878,7.275957614183428e-12,0.3875,-0.38749999999272405
82240,7.275957614183426e-12,0.3875,-0.38749999999272405
36545,7.275957616738601e-12,0.3875,-0.38749999999272405
100044,1.3683524052224969e-11,0.3875,-0.3874999999863165
5173,1.45519984950937e-11,0.3875,-0.38749999998544804
27217,1.47905061880376e-11,0.3875,-0.3874999999852095
33134,1.639932639555322e-11,0.3875,-0.3874999999836007
108285,1.6940768104407447e-11,0.3875,-0.38749999998305923
113278,2.9103830456733704e-11,0.3875,-0.3874999999708962
97648,2.9109159574943894e-11,0.3875,-0.38749999997089085
40591,2.916111796565181e-11,0.3875,-0.3874999999708389
55408,3.850413774189101e-11,0.3875,-0.38749999996149587
67865,4.500637752006229e-11,0.3875,-0.3874999999549936
56098,5.866708518769049e-11,0.3875,-0.38749999994133294
25742,1.1641532616713164e-10,0.3875,-0.3874999998835847
7214,1.1641532182693481e-10,0.3875,-0.3874999998835847
26164,1.1644919794171544e-10,0.3875,-0.3874999998835508
5793,1.746807160732533e-10,0.3875,-0.3874999998253193
120474,2.364695522727449e-10,0.3875,-0.38749999976353044
27841,2.3647928067145445e-10,0.3875,-0.38749999976352073
86668,2.4010660693386063e-10,0.3875,-0.3874999997598934
44392,2.6667524356141144e-10,0.3875,-0.3874999997333248
65011,3.22273975457043e-10,0.3875,-0.387499999677726
111460,3.231506143612325e-10,0.3875,-0.3874999996768494
55360,4.656612873077393e-10,0.3875,-0.3874999995343387
102058,4.656612873077393e-10,0.3875,-0.3874999995343387
111529,9.313225746154785e-10,0.3875,-0.38749999906867744
5849,9.313250980250658e-10,0.3875,-0.38749999906867494
61253,9.495147171059602e-10,0.3875,-0.38749999905048527
5520,1.0477381462425939e-09,0.3875,-0.38749999895226184
45172,1.862652254658845e-09,0.3875,-0.38749999813734776
4528,1.8626522546583146e-09,0.3875,-0.38749999813734776
34666,1.891749201734017e-09,0.3875,-0.3874999981082508
6511,1.979060471274734e-09,0.3875,-0.38749999802093954
60243,2.31942903141867e-09,0.3875,-0.387499997680571
104576,2.6727734970907135e-09,0.3875,-0.3874999973272265
105563,3.1602000499509845e-09,0.3875,-0.38749999683979997
82976,8.447841592942998e-09,0.3875,-0.3874999915521584
92210,1.49084399270194e-08,0.3875,-0.3874999850915601
79578,1.4959368882517133e-08,0.3875,-0.3874999850406311
70046,1.590914492088015e-08,0.3875,-0.38749998409085507
45192,1.5948913523189393e-08,0.3875,-0.3874999840510865
79850,1.874369058120348e-08,0.3875,-0.3874999812563094
8790,3.0734584495627886e-08,0.3875,-0.3874999692654155
88646,3.136239184343539e-08,0.3875,-0.38749996863760816
86844,4.3024841665302117e-08,0.3875,-0.3874999569751583
1789,4.5890259597218734e-08,0.3875,-0.3874999541097404
87683,5.5922918114014795e-08,0.3875,-0.3874999440770819
3377,5.960464477540418e-08,0.3875,-0.38749994039535524
975,5.98993503686529e-08,0.3875,-0.38749994010064964
76158,6.019036114143842e-08,0.3875,-0.38749993980963887
94752,7.477167807963744e-08,0.3875,-0.38749992522832194
51209,1.0282891106007385e-07,0.3875,-0.38749989717108896
87834,1.1706536510006495e-07,0.3875,-0.3874998829346349
6000,1.1920928955078128e-07,0.3875,-0.38749988079071046
31672,1.1920929154918656e-07,0.3875,-0.38749988079070846
5671,1.1973361727112227e-07,0.3875,-0.3874998802663827
89997,1.3440200877422794e-07,0.3875,-0.3874998655979912
103085,1.4924545966525664e-07,0.3875,-0.38749985075454035
42783,1.8644518991398235e-07,0.3875,-0.3874998135548101
66337,2.38419048059769e-07,0.3875,-0.38749976158095195
49359,2.3888424038887024e-07,0.3875,-0.3874997611157596
68513,2.4214409677376847e-07,0.3875,-0.38749975785590324
53154,2.458727979583186e-07,0.3875,-0.38749975412720206
4379,2.981397528856178e-07,0.3875,-0.3874997018602471
85312,3.194529938533598e-07,0.3875,-0.3874996805470062
100553,3.576334746085344e-07,0.3875,-0.3874996423665254
73469,4.76837158203125e-07,0.3875,-0.3874995231628418
47084,4.768371617580073e-07,0.3875,-0.38749952316283826
26644,4.768372221520265e-07,0.3875,-0.38749952316277786
116905,7.892819787251035e-07,0.3875,-0.3874992107180213
26341,9.872092050500214e-07,0.3875,-0.38749901279079496
95780,1.1054372812204946e-06,0.3875,-0.3874988945627188
107684,1.2147123912493294e-06,0.3875,-0.3874987852876088
70659,1.2675313955401874e-06,0.3875,-0.38749873246860445
128594,1.3506621609991791e-06,0.3875,-0.387498649337839
52078,1.4985539547208225e-06,0.3875,-0.3874985014460453
5518,1.9073486328125e-06,0.3875,-0.3874980926513672
73499,1.9073486328402556e-06,0.3875,-0.38749809265136714
96020,1.9076990165414855e-06,0.3875,-0.3874980923009835
25860,1.9113063736266836e-06,0.3875,-0.3874980886936264
85190,1.96100098289461e-06,0.3875,-0.38749803899901714
106421,2.827491815156134e-06,0.3875,-0.38749717250818483
58649,3.035056939928845e-06,0.3875,-0.3874969649430601
65181,3.8221488694312325e-06,0.3875,-0.38749617785113055
26998,6.2437535778475106e-06,0.3875,-0.3874937562464222
4230,7.632774384219621e-06,0.3875,-0.3874923672256158
1787,8.106937917530893e-06,0.3875,-0.3874918930620825
51455,8.127438877083227e-06,0.3875,-0.38749187256112294
6490,8.717548564201369e-06,0.3875,-0.3874912824514358
51894,1.1226646992527132e-05,0.3875,-0.38748877335300747
108709,1.144409182529671e-05,0.3875,-0.3874885559081747
27571,1.52587890625e-05,0.3875,-0.3874847412109375
3651,1.5258796338457614e-05,0.3875,-0.38748474120366155
6956,1.5273985816799423e-05,0.3875,-0.3874847260141832
76111,1.6450881979466352e-05,0.3875,-0.3874835491180205
111130,2.5967797914583544e-05,0.3875,-0.3874740322020854
8788,3.051757812500694e-05,0.3875,-0.387469482421875
89386,3.457094909881457e-05,0.3875,-0.3874654290509012
400,4.589557647705078e-05,0.3875,-0.38745410442352296
34314,6.103515625006939e-05,0.3875,-0.38743896484374996
76085,6.302416299746408e-05,0.3875,-0.38743697583700254
2547,6.905329674982974e-05,0.3875,-0.3874309467032502
52199,7.630236064153367e-05,0.3875,-0.38742369763935847
101262,0.00011435780108355121,0.3875,-0.38738564219891647
83798,0.0001220703125,0.3875,-0.3873779296875
5178,0.00012207034160472102,0.3875,-0.3873779296583953
5860,0.0001220721751451631,0.3875,-0.38737792782485486
44295,0.00012212997535244324,0.3875,-0.3873778700246476
5280,0.00012612342834472656,0.3875,-0.3873738765716553
93709,0.00013986672061146359,0.3875,-0.38736013327938856
2684,0.00024607777635424384,0.3875,-0.38725392222364574
71664,0.00028619170194588324,0.3875,-0.38721380829805413
80217,0.00037846068059894494,0.3875,-0.3871215393194011
103659,0.00054931640625,0.3875,-0.38695068359375
5190,0.0007801055981424554,0.3875,-0.38671989440185756
5579,0.0009803772264156407,0.3875,-0.38651962277358437
71991,0.0019533634185791016,0.3875,-0.3855466365814209
70186,0.002198300172199804,0.3875,-0.3853016998278002
104386,0.002311231894501925,0.3875,-0.38518876810549807
68153,0.002616261279108158,0.3875,-0.3848837387208919
74649,0.003121257541543224,0.3875,-0.38437874245845677
95624,0.004276587182754855,0.3875,-0.38322341281724515
8652,0.00466168308055538,0.3875,-0.38283831691944464
86574,0.005863905316932261,0.3875,-0.38163609468306775
26674,0.0078125,0.3875,-0.3796875
7882,0.0078125,0.3875,-0.3796875
113889,0.008450344173247522,0.3875,-0.3790496558267525
60524,0.0087890625,0.3875,-0.3787109375
76866,0.01013190046086454,0.3875,-0.37736809953913547
699,0.010556955653790334,0.3875,-0.3769430443462097
93748,0.011721611104898923,0.3875,-0.37577838889510107
26480,0.01802565211322521,0.3875,-0.3694743478867748
105509,0.03676047142042199,0.3875,-0.350739528579578
56700,0.04113775864994196,0.3875,-0.34636224135005805
8120,0.04860360182113513,0.3875,-0.33889639817886485
81669,0.05232886669525133,0.3875,-0.3351711333047487
33247,0.0568318966703206,0.3875,-0.33066810332967944
34505,0.05852807525890462,0.3875,-0.3289719247410954
101855,0.058692897013651615,0.3875,-0.3288071029863484
55856,0.06250000372722431,0.3875,-0.3249999962727757
107196,0.06312561035156272,0.3875,-0.3243743896484373
31086,0.06446838378917671,0.3875,-0.3230316162108233
120138,0.06524131104113498,0.3875,-0.322258688958865
7390,0.0722656264554189,0.3875,-0.3152343735445811
8621,0.09340670399031269,0.3875,-0.2940932960096873
99487,0.09662230658675473,0.3875,-0.29087769341324526
33410,0.5,0.775,-0.275
4101,0.1250000372529354,0.3875,-0.2624999627470646
71558,0.1407629049929402,0.3875,-0.24673709500705981
111436,0.156271059971135,0.3875,-0.23122894002886502
60336,0.18085526865785934,0.3875,-0.20664473134214068
104780,0.24709644327590136,0.3875,-0.14040355672409865
4461,0.2500000000000009,0.3875,-0.13749999999999912
5562,0.2656250004656613,0.3875,-0.12187499953433872
114066,0.2703020151141722,0.3875,-0.11719798488582783
4760,0.3040505992754225,0.3875,-0.08344940072457752
88889,0.3595025740974168,0.3875,-0.027997425902583195
31487,0.4080680095115313,0.3875,0.020568009511531316
8687,0.41024792427333545,0.3875,0.02274792427333544
64577,0.4309381430379031,0.3875,0.04343814303790311
128624,0.4444770265778312,0.3875,0.056977026577831213
86750,0.4847576281296152,0.3875,0.09725762812961519
8403,1.5020141678397252,1.1625,0.3395141678397251
69429,0.8936361809890707,0.3875,0.5061361809890708
8519,1.3420300551649738,0.3875,0.9545300551649738
117364,1.4003734597795665,0.3875,1.0128734597795666
1159,1.5083471569271758,0.3875,1.1208471569271758
64903,1.5171139418243849,0.3875,1.129613941824385
91470,1.5954470294942944,0.3875,1.2079470294942944
72668,1.6388350288344298,0.3875,1.2513350288344298
105943,1.6889580119554635,0.3875,1.3014580119554635
2564,2.300424830557498,0.775,1.525424830557498
101425,2.5182741090797043,0.3875,2.130774109079704
26034,2.619534518389388,0.3875,2.232034518389388
7409,2.833661146546552,0.3875,2.446161146546552
109425,3.3145767673739313,0.3875,2.927076767373931
69483,3.4130368448372197,0.3875,3.0255368448372195
83535,3.6623132535598577,0.3875,3.2748132535598575
2343,4.155839747380259,0.3875,3.768339747380259
7953,4.357409616495636,0.3875,3.9699096164956362
71556,4.443999192703421,0.3875,4.056499192703421
86947,4.691622171356935,0.3875,4.304122171356934
859,7.396550523194762,0.3875,7.0090505231947615
78986,7.404307598715542,0.3875,7.016807598715542
27667,8.64358661319341,0.3875,8.25608661319341
3750,11.405512700542062,0.3875,11.018012700542062
43567,12.250972571850447,0.3875,11.863472571850448
129428,15.39962711787339,0.775,14.62462711787339
101971,17.728181006823256,0.3875,17.340681006823257
101292,39.20908332567147,0.3875,38.82158332567147
89347,44.82191358509323,0.3875,44.434413585093225
128320,45.53229736793629,0.3875,45.144797367936285
93918,46.79330379991869,0.3875,46.40580379991869
86646,108.6023375639706,0.3875,108.21483756397059
109953,784.9420891955873,0.3875,784.5545891955873
120813,791.4990817491555,0.3875,791.1115817491554
111878,1365.445035667615,0.3875,1365.057535667615
3226,5696.959321332011,0.775,5696.184321332012
