item,weight_vector,weight,difference
153,92.28359498474785,883.1125000000329,-790.828905015285
165,156.10691881260345,876.1375000000321,-720.0305811874287
349,83.77964782121222,799.4125000000231,-715.6328521788109
316,97.42417310866105,794.7625000000226,-697.3383268913615
231,49.85093027553602,731.9875000000152,-682.1365697244792
329,52.65831260677747,731.9875000000152,-679.3291873932377
648,128.48004717330332,806.3875000000239,-677.9074528267206
292,13.110873063514918,676.1875000000086,-663.0766269364938
434,13.615949843235986,669.2125000000078,-655.5965501567719
736,77.5649027107112,729.6625000000149,-652.0975972893037
161,4.350292609038282,652.1625000000058,-647.8122073909675
208,20.006733773263917,645.575000000005,-625.5682662267411
344,348.6000262866728,971.4625000000433,-622.8624737133705
733,35.58085765930396,658.3625000000065,-622.7816423407025
10,39.9395466918088,661.4625000000069,-621.5229533081981
339,10.847985291231815,625.4250000000027,-614.5770147087709
185,11.29750229076956,615.3500000000015,-604.052497709232
454,14.562389599746028,616.5125000000016,-601.9501104002557
253,25.94045383955759,621.1625000000022,-595.2220461604446
380,510.85767912864685,1085.3875000000567,-574.5298208714098
377,241.2646846473217,812.5875000000246,-571.322815352703
95,4.845989783587659,557.2249999999947,-552.379010216407
141,3.3330973496132668,541.3374999999928,-538.0044026503796
288,3.4689136645888987,530.8749999999916,-527.4060863354027
7153,54.33166443643053,577.374999999997,-523.0433355635665
34,157.59174549155267,678.1250000000089,-520.5332545084561
17,10.7131454043012,524.2874999999908,-513.5743545956897
539,42.57412870951363,554.8999999999944,-512.3258712904808
587,47.35031825298984,554.8999999999944,-507.54968174700457
25,1.9557495949501251,508.7874999999895,-506.8317504050394
62,3.4622353857073818,509.5624999999895,-506.1002646142821
1073,53.80988512819546,559.1624999999949,-505.35261487179946
500,168.0837283220444,670.762500000008,-502.6787716779636
2028,131.8351083577727,634.3375000000037,-502.50239164223103
597,184.60725356051307,681.2250000000092,-496.61774643949616
5952,145.1515050175849,637.050000000004,-491.89849498241915
21,5.063228858482207,493.67499999998995,-488.61177114150775
36,2.43613243967967,488.6374999999901,-486.2013675603104
1721,47.80312799074379,532.8124999999918,-485.009372009248
367,136.8101788148433,621.1625000000022,-484.35232118515887
1270,141.4278975278139,625.4250000000027,-483.99710247218877
357,57.06178389797169,537.8499999999924,-480.7882161020207
4306,33.390421648690776,508.7874999999895,-475.3970783512987
1221,26.73863970098388,501.8124999999897,-475.07386029900584
6,5.232566962288322,472.74999999999056,-467.51743303770223
2762,149.47254890110344,616.9000000000017,-467.42745109889825
586,15.881180494917905,483.21249999999026,-467.3313195050724
3578,46.83208077916174,511.4999999999894,-464.6679192208277
4993,229.80543633550406,691.6875000000105,-461.8820636645064
58559,9.291909343935874,469.26249999999067,-459.9705906560548
4226,45.02280309646348,503.74999999998965,-458.7271969035262
410,0.7768240869396207,455.69999999999106,-454.92317591305147
39,23.21471754420679,469.64999999999065,-446.43528245578386
1193,67.87389475527804,509.9499999999895,-442.0761052447114
300,1.1182834233394683,441.3624999999915,-440.24421657665204
4973,18.368124375127138,454.9249999999911,-436.55687562486395
2959,366.6095457430929,793.9875000000225,-427.37795425692957
19,4.599129321857568,431.67499999999177,-427.0758706781342
1198,319.03079652786255,742.4500000000164,-423.41920347215387
595,401.349044766961,822.2750000000258,-420.92595523306477
912,14.979209386590485,427.4124999999919,-412.4332906134014
541,45.44721486549025,456.08749999999105,-410.6402851345008
2628,12.993445635330566,416.1749999999922,-403.1815543646617
111,11.40537245983686,413.4624999999923,-402.0571275401554
1240,53.10277401726796,451.0499999999912,-397.94722598272324
1617,11.323423610896944,408.42499999999245,-397.1015763890955
786,0.19143504887348303,395.6374999999928,-395.44606495111935
1291,12.992834571868801,408.03749999999246,-395.04466542812366
1036,12.177653272790112,405.32499999999254,-393.14734672720243
2997,12.978677595067612,404.93749999999255,-391.95882240492494
364,397.6307689640671,788.9500000000219,-391.3192310359548
858,476.3383681066334,867.2250000000311,-390.88663189339763
1214,31.776715086114848,417.3374999999922,-385.56078491387734
1580,81.11335825679998,465.3874999999908,-384.2741417431908
1097,60.11908730989577,442.13749999999146,-382.0184126900957
788,0.7014543604547383,381.68749999999324,-380.9860456395385
2329,4.305891349402525,384.78749999999314,-380.4816086505906
1356,0.8514933890556478,380.91249999999326,-380.0610066109376
3996,6.354654479192828,385.5624999999931,-379.2078455208003
225,0.0002001759129009697,378.5874999999933,-378.58729982408045
3793,5.341375388305174,383.6249999999932,-378.283624611688
2716,6.4091261917178315,384.01249999999317,-377.60337380827536
1213,16.096551183210195,390.98749999999296,-374.8909488167828
1265,32.82371453755873,402.9999999999926,-370.1762854624339
11,0.7580818747498508,370.44999999999357,-369.6919181252437
223,9.433344625903324,372.7749999999935,-363.3416553740902
3,0.03331341544485729,362.3124999999938,-362.27918658454894
293,18.327344365072,380.1374999999933,-361.8101556349213
266,0.8398036661510347,361.9249999999938,-361.08519633384276
420,0.0944366003861484,361.14999999999384,-361.0555633996077
2683,3.987625669641419,364.63749999999374,-360.6498743303523
2706,2.6814457995404677,362.3124999999938,-359.6310542004533
1704,17.5780006753525,376.6499999999934,-359.0719993246409
778,4.074414155808699,362.6999999999938,-358.6255858441851
5,0.09395318621112322,357.27499999999395,-357.1810468137828
3114,2.1562645326258014,356.112499999994,-353.9562354673682
4886,5.385066202455169,359.2124999999939,-353.82743379753873
104,0.4954363226309857,351.8499999999941,-351.3545636773631
7361,4.640818229794812,353.78749999999405,-349.1466817701992
440,0.5730378971284862,346.42499999999427,-345.8519621028658
1089,20.751960432675546,366.1874999999937,-345.43553956731813
317,0.47251834387924485,345.6499999999943,-345.17748165611505
2396,16.222287087079536,358.8249999999939,-342.6027129129144
6539,11.195063979368166,352.2374999999941,-341.0424360206259
2,2.94488602425741,343.71249999999435,-340.76761397573694
1961,2.21967280114392,342.5499999999944,-340.33032719885045
708,1.4102936961310122,341.3874999999944,-339.9772063038634
494,0.0009832926496411826,339.83749999999446,-339.8365167073448
509,0.7637200492487128,339.4499999999945,-338.68627995074576
750,6.35104701789744,344.09999999999434,-337.7489529820969
924,12.289356820935211,348.7499999999942,-336.460643179059
1200,7.132373017818839,340.99999999999443,-333.8676269821756
47,498.78379714488983,830.8000000000268,-332.01620285513695
1393,0.5872926658545569,332.4749999999947,-331.88770733414015
474,0.31334695703388776,330.14999999999475,-329.83665304296085
6377,3.926446828475928,333.24999999999466,-329.3235531715187
1527,13.619361029580082,342.5499999999944,-328.9306389704143
7,0.005033313253377546,327.8249999999948,-327.81996668674145
1208,0.4785877930143564,325.1124999999949,-324.63391220698054
1923,2.4060761237062596,325.8874999999949,-323.4814238762886
350,0.4097953388129249,320.46249999999503,-320.05270466118213
653,0.03558023918692911,318.1374999999951,-318.1019197608082
508,0.10577892661657333,317.7499999999951,-317.64422107337856
1197,216.00013076483805,530.8749999999916,-314.87486923515354
1136,160.65572947874318,474.2999999999905,-313.64427052124734
5445,1.2235847285260575,313.09999999999525,-311.87641527146917
337,0.428315061863665,311.9374999999953,-311.5091849381316
376,0.00793491219943376,310.7749999999953,-310.76706508779586
4963,3.9586569334995616,306.12499999999545,-302.16634306649587
1206,11.71537951673677,313.8749999999952,-302.15962048325844
832,0.0626327823133738,301.8624999999956,-301.7998672176822
1784,0.45143391633804664,301.8624999999956,-301.41106608365754
442,0.30987314460485277,300.3124999999956,-300.00262685539076
802,0.009102431384224922,298.3749999999957,-298.36589756861144
1307,1.6387809095275618,297.2124999999957,-295.57371909046816
6874,1.241715712580296,295.27499999999577,-294.0332842874155
4995,1.971293358396736,295.66249999999576,-293.691206641599
160,0.02838796607157962,292.17499999999586,-292.14661203392427
1225,2.1487336797170644,292.94999999999584,-290.8012663202788
784,0.007851332985198519,290.2374999999959,-290.22964866701074
58,0.04813735245677737,290.2374999999959,-290.18936264753916
1968,1.8577706256029658,291.0124999999959,-289.15472937439296
3897,0.5299469619625898,289.46249999999594,-288.93255303803335
236,0.37712251786818246,289.07499999999595,-288.69787748212775
2324,1.6197514229298486,290.2374999999959,-288.6177485770661
805,0.0005551155466298308,285.97499999999604,-285.97444488444944
1917,0.7860537172498502,286.749999999996,-285.9639462827462
3147,1.1247334501475352,286.749999999996,-285.6252665498485
2502,1.0146787787824734,285.97499999999604,-284.9603212212136
432,0.00024130859862352678,284.8124999999961,-284.81225869139746
79132,0.8265575529545718,285.19999999999607,-284.3734424470415
5349,0.3811963795520363,283.6499999999961,-283.2688036204441
1517,0.6998756211273309,283.2624999999961,-282.5626243788688
1610,0.6437167893933986,282.87499999999613,-282.2312832106027
594,0.8812620261737778,282.09999999999616,-281.2187379738224
919,3.795011525006462,283.6499999999961,-279.8549884749896
1258,4.034391249850726,283.6499999999961,-279.6156087501454
2710,1.327293589286901,280.5499999999962,-279.2227064107093
553,0.028195234269580705,278.99999999999625,-278.9718047657267
435,0.2722110748830984,278.22499999999627,-277.95278892511317
628,6.163584916297509e-05,277.0624999999963,-277.06243836414717
370,0.06860003891010151,276.6749999999963,-276.6063999610862
8961,0.5176876636588078,276.2874999999963,-275.7698123363375
112,0.041255453154634705,275.51249999999635,-275.4712445468417
235,0.13767112960603117,274.7374999999964,-274.59982887039035
2355,0.48416275766420047,274.7374999999964,-274.2533372423322
1183,0.19247690227848546,273.5749999999964,-273.3825230977179
368,0.09817056106559807,273.1874999999964,-273.0893294389308
551,2.8961137352856796,275.89999999999634,-273.0038862647107
2987,0.2037729574994624,271.63749999999646,-271.433727042497
315,0.003985372113154708,270.4749999999965,-270.47101462788333
151,0.06351465924381577,268.14999999999657,-268.08648534075274
1080,3.3799248882253607,271.2499999999965,-267.87007511177114
16,0.025050189595649405,266.2124999999966,-266.18744981040095
1682,1.6896459562066202,266.2124999999966,-264.52285404379
48,0.5250289989080761,264.66249999999667,-264.1374710010886
186,3.179362938351404e-05,263.8874999999967,-263.8874682063673
1246,0.2770357886136979,263.8874999999967,-263.610464211383
923,0.1607743243867312,262.33749999999674,-262.17672567561
158,0.0016813321839883148,261.94999999999675,-261.94831866781277
282,0.015720711146822598,261.56249999999676,-261.54677928884996
1584,0.22789133515021381,261.56249999999676,-261.33460866484654
2918,1.6455957799437615,260.7874999999968,-259.141904220053
173,0.14038735838126704,256.9124999999969,-256.77211264161565
33794,0.8213420803528704,254.58749999999694,-253.76615791964406
4878,0.5334294197340193,253.42499999999697,-252.89157058026296
1222,1.7981994674906798,253.42499999999697,-251.62680053250628
497,0.12382152036537453,251.48749999999703,-251.36367847963166
2012,1.142768004112807,252.262499999997,-251.1197319958842
4022,0.2651763680401642,251.09999999999704,-250.83482363195688
1387,0.3442601733582573,249.93749999999707,-249.5932398266388
783,0.0001228358617122869,249.54999999999708,-249.54987716413538
1485,0.027242777868505867,247.61249999999714,-247.58525722212863
2115,1.5887203880522438,249.1624999999971,-247.57377961194484
6016,0.6454426412582528,246.0624999999972,-245.41705735873893
1101,0.01957289673872405,244.89999999999722,-244.88042710325848
904,1.3078840165065833,245.6749999999972,-244.3671159834906
2174,1.0367269762349183,244.51249999999723,-243.47577302376232
661,0.00782236798042399,243.34999999999727,-243.34217763201684
1230,0.1944296192293478,242.96249999999728,-242.76807038076794
2791,0.27999245497538244,242.96249999999728,-242.6825075450219
1653,0.3808268811225418,242.1874999999973,-241.80667311887476
762,0.25024461962340916,241.7999999999973,-241.5497553803739
7438,0.6009204721119832,241.7999999999973,-241.19907952788532
555,0.015800078225838277,241.02499999999733,-241.00919992177148
852,1.9839594842175704e-08,240.63749999999735,-240.63749998015774
196,0.008325772849397117,239.86249999999737,-239.85417422714798
908,0.10100300629581194,239.86249999999737,-239.76149699370157
552,0.1368000463989859,239.47499999999738,-239.3381999535984
168,0.0005279129707041017,237.53749999999744,-237.53697208702673
1259,0.8048805716072057,237.53749999999744,-236.73261942839022
1220,0.6421338362060858,236.76249999999746,-236.12036616379137
1148,0.48361165214448787,236.37499999999747,-235.891388347853
265,0.2761959436254504,235.2124999999975,-234.93630405637205
2054,0.010047549736530086,234.82499999999752,-234.814952450261
1219,2.0082399784008453,236.76249999999746,-234.75426002159662
2291,0.9679206081850242,235.5999999999975,-234.63207939181248
1407,0.019022948718860247,234.43749999999753,-234.41847705127867
163,0.0023710620194957403,234.04999999999754,-234.04762893797803
520,0.5054804196443148,233.66249999999755,-233.15701958035322
2916,0.28739276844612405,232.1124999999976,-231.82510723155147
1304,0.2987416855944315,231.7249999999976,-231.42625831440319
5418,0.38865638747274694,231.7249999999976,-231.33634361252487
2797,0.020962758091762613,230.56249999999764,-230.54153724190587
608,640.4468749761581,870.3250000000314,-229.87812502387328
52,0.00012308759251113366,229.78749999999766,-229.78737691240516
342,0.07871051289433664,229.78749999999766,-229.70878948710333
4034,0.004192155042811838,229.0124999999977,-229.00830784495489
261,0.019714880325001558,229.0124999999977,-228.99278511967267
1732,0.777489013206454,229.0124999999977,-228.23501098679122
3623,0.00673354848601479,228.2374999999977,-228.2307664515117
2011,0.44747490768450626,227.84999999999772,-227.40252509231323
1079,0.1434224403409513,226.68749999999775,-226.5440775596568
277,0.0005191941842314053,225.91249999999778,-225.91198080581356
2700,1.6704184411800607,225.5249999999978,-223.85458155881773
596,0.002103654653687918,223.58749999999785,-223.58539634534415
4896,0.17144685236124124,223.58749999999785,-223.4160531476366
4027,0.7370652638153018,223.19999999999786,-222.46293473618255
4011,0.257561906649434,221.2624999999979,-221.00493809334847
1233,1.0327579678461336,221.2624999999979,-220.2297420321518
2692,0.2700247481270811,219.71249999999796,-219.4424752518709
1247,0.1888319987933131,219.32499999999797,-219.13616800120465
353,1.4814346154336833,220.48749999999794,-219.00606538456427
2302,0.0002720065617184248,218.93749999999798,-218.93722799343627
2699,0.0002962485426718371,218.93749999999798,-218.9372037514553
48516,0.4403480722825249,219.32499999999797,-218.88465192771545
2712,0.016317234304323122,218.549999999998,-218.53368276569367
1252,0.10587741852141161,218.162499999998,-218.0566225814766
3751,0.14552658492331966,218.162499999998,-218.0169734150747
920,0.10515233624164623,216.99999999999804,-216.8948476637564
105,7.630478263776582e-06,215.83749999999807,-215.83749236951982
1391,0.5662127353266551,215.0624999999981,-214.49628726467145
1127,0.14612305829259475,214.28749999999812,-214.14137694170552
1625,0.02142748032314076,213.51249999999814,-213.491072519675
172,0.1305128507592254,213.12499999999815,-212.99448714923892
1374,0.28987775763129503,210.79999999999822,-210.51012224236692
3408,0.04395083781670463,209.63749999999825,-209.59354916218155
3977,0.1241655969385187,209.63749999999825,-209.51333440305973
252,0.0031130542666234825,209.24999999999827,-209.24688694573163
1358,0.00847335483378479,208.86249999999828,-208.85402664516448
485,0.12946781633409615,208.4749999999983,-208.3455321836642
246,0.0012235985844421707,208.0874999999983,-208.08627640141387
5618,0.5370185019366417,207.31249999999832,-206.77548149806168
2599,0.0006569452610771365,206.53749999999835,-206.53684305473726
1207,1.1923935711014684,207.6999999999983,-206.50760642889685
785,0.031250030749517016,206.53749999999835,-206.50624996924884
2572,0.03523755809511113,205.76249999999837,-205.72726244190326
31,0.0005493173612710902,204.5999999999984,-204.59945068263713
1204,0.00788512170880848,204.2124999999984,-204.20461487828962
145,0.25080257538359785,203.04999999999845,-202.79919742461485
2268,0.007900127468003287,202.27499999999847,-202.26709987253048
6365,0.058872936243054744,201.88749999999848,-201.82862706375542
903,0.5051857527797574,202.27499999999847,-201.7698142472187
543,0.0005077200787481754,201.1124999999985,-201.11199227991975
1234,0.2696579389408366,201.1124999999985,-200.84284206105767
1203,0.32502017523652577,201.1124999999985,-200.787479824762
1288,0.44701655963952114,201.1124999999985,-200.665483440359
1376,0.009614591531074424,199.94999999999854,-199.94038540846748
515,0.0002835061195547461,199.56249999999855,-199.562216493879
913,0.004095115927653227,199.56249999999855,-199.5584048840709
345,0.0004924856789958868,198.78749999999857,-198.78700751431958
1380,0.09602888604751027,198.39999999999858,-198.30397111395106
5378,0.030593492495431873,195.68749999999866,-195.65690650750324
3101,5.849553654134329e-11,195.29999999999868,-195.29999999994018
3949,0.0055496229628935545,194.9124999999987,-194.9069503770358
466,0.03532975972538186,194.9124999999987,-194.8771702402733
719,2.854704330919115e-14,194.5249999999987,-194.52499999999867
745,0.06255203653404781,194.5249999999987,-194.46244796346465
1673,4.944997429944457e-06,194.1374999999987,-194.13749505500127
1639,0.00029909005996403733,194.1374999999987,-194.13720090993874
1500,0.004892644034447677,194.1374999999987,-194.13260735596427
2542,0.06796993508130164,193.74999999999872,-193.68203006491743
2353,0.00028617561262806216,192.19999999999877,-192.19971382438615
2617,0.04879817256302209,190.26249999999882,-190.2137018274358
724,9.839504928136908e-07,189.87499999999883,-189.87499901604835
953,0.3304876123732807,188.32499999999888,-187.9945123876256
256,0.0005035867480899037,187.16249999999891,-187.16199641325082
1250,0.2581795559381075,186.38749999999894,-186.12932044406082
2006,3.708007554852774e-05,185.99999999999895,-185.9999629199234
2763,0.00030603663073407715,185.99999999999895,-185.9996939633682
3481,0.02019999358662694,185.22499999999897,-185.20480000641234
3052,1.2560185607542504,186.38749999999894,-185.13148143924468
2194,0.0001124595764959844,184.83749999999898,-184.8373875404225
1320,0.0003911663935290868,184.449999999999,-184.44960883360545
2640,0.12915955480150954,184.062499999999,-183.9333404451975
2406,0.0003164636959449083,183.28749999999903,-183.28718353630308
5989,0.02778942641254325,183.28749999999903,-183.2597105735865
333,0.06252720841140341,182.51249999999905,-182.44997279158764
3948,0.15900518933281527,182.12499999999906,-181.96599481066625
44191,0.38321581631940654,181.73749999999907,-181.35428418367968
2395,0.0031079289485786915,181.34999999999908,-181.34689207105052
2770,1.9830466434655687e-09,180.9624999999991,-180.96249999801606
1367,2.385369897730269e-07,180.9624999999991,-180.9624997614621
2000,0.12976308693547192,180.9624999999991,-180.83273691306363
32587,0.6792021412679586,181.34999999999908,-180.67079785873113
673,0.0009784704533046728,180.18749999999912,-180.18652152954581
2804,0.09531013944403245,180.18749999999912,-180.0921898605551
3753,0.00029907371996297906,179.41249999999914,-179.41220092627918
355,0.5000009835515155,179.79999999999913,-179.29999901644763
44,0.007896567194435199,179.02499999999915,-179.01710343280473
1278,0.24264641728141206,179.02499999999915,-178.78235358271775
2657,0.002522196701122814,178.63749999999916,-178.63497780329803
1909,0.06250770148690805,178.63749999999916,-178.57499229851226
1573,0.023469286667750017,178.24999999999918,-178.2265307133314
60069,0.0621709673187245,178.24999999999918,-178.18782903268044
1094,0.004154453547818689,177.4749999999992,-177.4708455464514
2081,0.03475671103773889,177.4749999999992,-177.44024328896145
1641,0.03649945463574061,177.0874999999992,-177.05100054536348
3176,0.0002398751036329559,176.69999999999922,-176.6997601248956
1394,0.018649977898310237,176.69999999999922,-176.6813500221009
1035,0.015432075302327838,176.31249999999923,-176.2970679246969
637,2.910427476310163e-11,175.92499999999924,-175.92499999997014
2100,4.876735957701422e-05,175.53749999999926,-175.53745123263968
59315,0.056320818843835524,175.53749999999926,-175.48117918115543
3175,0.0004825613599621529,175.14999999999927,-175.1495174386393
1676,0.010783495814155893,175.14999999999927,-175.1392165041851
3471,0.0007662535526565236,174.3749999999993,-174.37423374644663
135,1.8189898512102687e-12,173.21249999999932,-173.2124999999975
743,1.8627019927717906e-09,173.21249999999932,-173.21249999813662
585,3.821119843948223e-06,173.21249999999932,-173.2124961788795
471,0.1251869486310063,172.82499999999933,-172.69981305136832
8636,0.2521670903470381,172.43749999999935,-172.18533290965232
1396,0.0006418231057013088,172.04999999999936,-172.04935817689366
6333,0.04102791987312698,171.27499999999938,-171.23397208012625
1242,3.080007031592539e-06,170.8874999999994,-170.88749691999237
1061,9.61128539215422e-07,170.4999999999994,-170.49999903887087
6711,0.018756314588546395,170.4999999999994,-170.48124368541085
5060,0.00016839263920449523,170.11249999999941,-170.1123316073602
14,1.1102399652894974e-16,169.33749999999944,-169.33749999999944
529,0.00664526536739596,169.33749999999944,-169.33085473463206
1028,0.0028686614393264283,168.94999999999945,-168.94713133856013
22,1.2879275370143832e-07,168.56249999999946,-168.5624998712067
2321,4.14393995145751e-05,167.3999999999995,-167.39995856059997
1090,0.007362912017658678,167.3999999999995,-167.39263708798183
1777,0.0003366303027422296,167.0124999999995,-167.01216336969676
79,1.3877787859563732e-17,166.62499999999952,-166.62499999999952
910,1.9740231880907434e-06,166.62499999999952,-166.62499802597634
1544,0.005944479895853732,166.23749999999953,-166.23155552010368
5816,0.12795289784802866,165.84999999999954,-165.72204710215152
1597,3.337876540853093e-06,165.46249999999955,-165.46249666212302
1276,1.6122320935253903e-05,164.68749999999957,-164.68748387767863
1372,0.00417906472349752,164.68749999999957,-164.68332093527607
531,4.7688464200962376e-06,163.5249999999996,-163.52499523115318
2001,0.015686460049641627,163.13749999999962,-163.12181353994998
1722,0.0003971067648184996,162.74999999999963,-162.74960289323482
1059,0.002932251095257702,162.36249999999964,-162.3595677489044
8360,0.13872309709811464,161.97499999999965,-161.83627690290155
1199,0.14204092775086113,160.8124999999997,-160.67045907224883
838,7.644354939530922e-06,159.64999999999972,-159.64999235564477
899,0.0021972698373052364,159.64999999999972,-159.64780273016243
1196,605.8882064819336,765.3125000000191,-159.4242935180855
204,6.015853888581941e-08,158.87499999999974,-158.87499993984122
1405,7.64802882854965e-06,158.87499999999974,-158.87499235197092
3160,6.490318851836113e-05,158.87499999999974,-158.8749350968112
1408,0.004282321708955806,158.87499999999974,-158.8707176782908
1215,0.12925394671257134,158.87499999999974,-158.74574605328718
107,5.960828632774179e-08,158.48749999999976,-158.48749994039147
1266,0.0024452643811825243,158.48749999999976,-158.48505473561858
2407,0.0004912636414155513,158.09999999999977,-158.09950873635836
362,2.3682423766939276e-10,157.71249999999978,-157.71249999976294
1370,0.0013268876292612175,157.71249999999978,-157.71117311237052
72998,0.0014969343978636746,156.9374999999998,-156.93600306560194
49272,0.022686342744364638,156.9374999999998,-156.91481365725545
647,9.313296800437167e-10,156.5499999999998,-156.5499999990685
1608,6.616872412254099e-05,156.16249999999982,-156.1624338312757
1201,0.021793260897528727,156.16249999999982,-156.14070673910228
224,6.491152457907591e-05,155.38749999999985,-155.38743508847526
1375,1.1490344246223646e-05,154.99999999999986,-154.99998850965562
1876,0.0004922201960084635,154.99999999999986,-154.99950777980385
46578,0.01255320031709645,154.99999999999986,-154.98744679968277
3418,0.00783216350915067,154.61249999999987,-154.6046678364907
830,5.702123954208942e-13,154.22499999999988,-154.2249999999993
1302,0.015642760233781812,153.4499999999999,-153.43435723976611
2019,0.031466923539251054,153.4499999999999,-153.41853307646065
2671,0.03249639919671215,153.06249999999991,-153.0300036008032
140,4.440896599431024e-16,152.67499999999993,-152.67499999999993
914,3.910105803292388e-05,152.28749999999994,-152.2874608989419
1552,0.0313737694807359,152.28749999999994,-152.25612623051921
475,5.085035075127701e-07,151.89999999999995,-151.89999949149643
272,1.907930722346197e-06,151.51249999999996,-151.51249809206925
2694,7.62983226852103e-06,151.12499999999997,-151.1249923701677
720,0.515686154490143,151.51249999999996,-150.99681384550982
29,4.918552963818648e-07,150.35,-150.3499995081447
6502,0.0009290801765857814,150.35,-150.34907091982342
969,0.002938417418049636,150.35,-150.34706158258194
2529,0.018692647204869094,149.57500000000002,-149.55630735279516
68157,0.0006138128656038911,149.18750000000003,-149.18688618713443
431,0.00781251583322455,148.41250000000005,-148.40468748416683
193,8.882032380343141e-15,148.02500000000006,-148.02500000000006
2023,1.073874577117561e-06,148.02500000000006,-148.02499892612548
1747,1.530357524504831e-05,148.02500000000006,-148.0249846964248
1285,0.001983783971776043,148.02500000000006,-148.02301621602828
902,9.060161832082411e-06,147.63750000000007,-147.63749093983824
8368,0.00610752813892632,147.63750000000007,-147.63139247186115
616,1.8921504679661644e-09,147.25000000000009,-147.24999999810794
1293,3.855501712350958e-08,145.70000000000013,-145.69999996144512
48780,0.0005517261515425684,145.70000000000013,-145.6994482738486
1371,6.109575899181308e-05,145.31250000000014,-145.31243890424116
51662,0.0004077485706521923,145.31250000000014,-145.31209225142948
54286,0.00013887331128506958,144.92500000000015,-144.92486112668888
1997,0.03138845623074677,144.53750000000016,-144.5061115437694
1047,2.3875301944952784e-09,144.15000000000018,-144.14999999761264
849,3.8481290674943055e-09,144.15000000000018,-144.14999999615205
2881,4.768371626474918e-07,143.7625000000002,-143.76249952316303
468,4.787293623764456e-07,143.3750000000002,-143.37499952127084
56367,0.008984462568945546,142.9875000000002,-142.97851553743126
1088,0.011735917660469334,142.9875000000002,-142.97576408233974
70,0.019626803996338052,142.9875000000002,-142.96787319600386
348,1.809895711378205e-10,142.60000000000022,-142.59999999981923
8665,0.031857264729640525,142.60000000000022,-142.56814273527058
1690,1.9113391231417446e-06,142.21250000000023,-142.2124980886611
1042,3.0532479343038154e-05,142.21250000000023,-142.2124694675209
1954,0.037705587893004815,142.21250000000023,-142.17479441210722
3421,2.0150968508216967e-06,141.82500000000024,-141.8249979849034
2890,0.0002746583289002796,141.43750000000026,-141.43722534167136
2336,0.0002633631304776846,141.05000000000027,-141.0497366368698
3755,2.285779766800178e-13,140.66250000000028,-140.66250000000005
3255,0.0009765699600168677,140.66250000000028,-140.66152343004026
2985,0.0034895880406124063,140.66250000000028,-140.65901041195966
1172,0.015747133709252573,140.66250000000028,-140.64675286629102
68954,0.0002760086434283537,140.2750000000003,-140.27472399135686
3081,0.0019627426058066305,140.2750000000003,-140.2730372573945
48394,0.0015927419496834534,138.72500000000034,-138.72340725805066
1282,0.07034458597594591,138.72500000000034,-138.65465541402438
2605,3.652411815946132e-12,138.33750000000035,-138.33749999999668
2470,9.19219582033746e-05,137.56250000000037,-137.56240807804215
1263,1.1976065969279274e-09,137.17500000000038,-137.17499999880278
2150,2.388851045464486e-06,137.17500000000038,-137.17499761114934
1674,1.6401537736071246e-09,136.4000000000004,-136.39999999836024
4246,0.0006104261994625945,136.4000000000004,-136.39938957380093
3911,1.1931232414704819e-06,136.01250000000041,-136.01249880687718
24,1.490912639889916e-08,135.62500000000043,-135.6249999850913
273,9.770098413301612e-15,135.23750000000044,-135.23750000000044
1262,0.007812981765085679,135.23750000000044,-135.22968701823535
2278,8.110229481310548e-13,134.85000000000045,-134.84999999999962
455,1.9446889850779545e-06,134.85000000000045,-134.84999805531146
1569,7.480773497892393e-09,134.07500000000047,-134.0749999925197
1084,0.0002594143665555793,132.9125000000005,-132.91224058563395
1466,0.0039177091244067055,132.9125000000005,-132.9085822908761
3527,0.00017553678151122198,132.52500000000052,-132.524824463219
1513,3.323549374154257e-17,132.13750000000053,-132.13750000000053
2701,2.707336492554595e-07,132.13750000000053,-132.1374997292669
306,1.9073651745061355e-06,132.13750000000053,-132.13749809263535
1275,5.028949540668992e-06,131.36250000000055,-131.362494971051
1748,0.00199240549496125,131.36250000000055,-131.36050759450558
2723,9.123379298519502e-12,130.97500000000056,-130.97499999999144
1729,1.074763153330048e-06,130.97500000000056,-130.9749989252374
524,1.2801573156360377e-13,130.58750000000057,-130.58750000000043
1357,7.629394531749822e-06,130.58750000000057,-130.58749237060604
1333,0.015625143677380236,130.58750000000057,-130.5718748563232
2541,1.9706786400578706e-06,130.20000000000059,-130.19999802932193
1339,2.6219245365566594e-10,129.8125000000006,-129.8124999997384
2724,4.661169875242547e-10,129.4250000000006,-129.4249999995345
2167,7.65973707595052e-06,129.4250000000006,-129.42499234026354
2424,8.249005058397655e-06,129.4250000000006,-129.42499175099556
1060,1.525978095590963e-05,129.4250000000006,-129.42498474021966
3000,0.000488641387526347,129.4250000000006,-129.42451135861307
1092,6.723204055164391e-10,129.03750000000062,-129.0374999993283
5995,7.531518673971724e-08,129.03750000000062,-129.03749992468542
6934,0.01882408650144999,129.03750000000062,-129.01867591349918
2490,2.3487745082414045e-10,128.26250000000064,-128.26249999976577
45,4.768387079157897e-06,128.26250000000064,-128.26249523161357
3994,0.001954169861212352,127.10000000000065,-127.09804583013944
4979,0.06445737473151368,127.10000000000065,-127.03554262526913
1093,4.831968159192406e-13,125.93750000000064,-125.93750000000016
63082,0.00013987907705764632,125.93750000000064,-125.93736012092359
2826,3.725322273116292e-09,125.55000000000064,-125.54999999627532
7147,0.03232782532844552,125.55000000000064,-125.51767217467219
3256,1.1113115291915975e-16,124.77500000000063,-124.77500000000063
1645,0.016602158576858903,124.77500000000063,-124.75839784142377
3510,2.2826196229639427e-13,124.38750000000063,-124.3875000000004
2581,2.384185802118135e-07,124.38750000000063,-124.38749976158205
2105,3.81494107317588e-06,124.38750000000063,-124.38749618505956
610,7.636904181943979e-06,124.00000000000063,-123.99999236309644
5669,1.0001605263447775,124.77500000000063,-123.77483947365586
2908,1.1439774940462091e-12,123.61250000000062,-123.61249999999947
170,2.496847564885118e-10,123.22500000000062,-123.22499999975093
1223,1.9073631851836697e-06,123.22500000000062,-123.22499809263743
2140,4.375530603598644e-11,122.83750000000062,-122.83749999995686
2455,4.79637096856641e-07,122.45000000000061,-122.44999952036352
2080,6.112574402892615e-05,122.45000000000061,-122.44993887425659
60,1.164171007867396e-10,122.06250000000061,-122.0624999998842
198,1.568124352767429e-07,122.06250000000061,-122.06249984318818
55820,9.353028954191649e-05,122.06250000000061,-122.06240646971106
2393,3.733249268101779e-09,121.67500000000061,-121.67499999626736
216,1.2672178756408502e-07,121.67500000000061,-121.67499987327882
33493,0.04412693587427058,121.67500000000061,-121.63087306412633
372,2.980459612489023e-08,121.2875000000006,-121.28749997019601
40815,1.5277658521120944e-05,121.2875000000006,-121.28748472234209
1120,4.0000176000688486e-14,120.9000000000006,-120.90000000000056
3072,9.314362961476699e-10,120.9000000000006,-120.89999999906917
2501,6.207768069749313e-11,120.1250000000006,-120.12499999993852
2248,3.727519471050714e-08,120.1250000000006,-120.1249999627254
4308,0.0019610747851500363,120.1250000000006,-120.12303892521545
1272,0.00012207037253491608,119.7375000000006,-119.73737792962805
3253,0.06250015136624688,119.7375000000006,-119.67499984863434
1918,9.313230551407389e-10,118.96250000000059,-118.96249999906927
2427,2.7115731570238197e-18,118.57500000000059,-118.57500000000059
671,9.38605686310911e-10,118.18750000000058,-118.18749999906197
327,1.1967495108789118e-07,118.18750000000058,-118.18749988032563
319,2.384194886552594e-07,118.18750000000058,-118.1874997615811
1962,2.4681139999838483e-07,118.18750000000058,-118.18749975318919
2144,1.4901161222509107e-08,117.80000000000058,-117.79999998509942
230,1.1416096960957603e-13,117.02500000000057,-117.02500000000046
237,7.46519291267957e-09,117.02500000000057,-117.02499999253538
2947,0.015625175161589833,117.02500000000057,-117.00937482483899
3107,2.657566366783927e-23,116.63750000000057,-116.63750000000057
69757,1.8635546718112594e-09,116.63750000000057,-116.63749999813702
2003,4.806934245744471e-07,116.63750000000057,-116.63749951930714
2294,0.00390625048309599,116.25000000000057,-116.24609374951747
4085,1.3293562175095714e-10,115.86250000000057,-115.86249999986762
3717,1.8289488598130134e-10,115.86250000000057,-115.86249999981767
307,1.4905996881309128e-08,115.86250000000057,-115.86249998509457
100,2.384185791019962e-07,115.86250000000057,-115.86249976158199
8874,1.500529049710346e-06,115.86250000000057,-115.86249849947151
5218,6.571766533907284e-05,115.86250000000057,-115.86243428233523
2707,2.226960063497041e-16,115.47500000000056,-115.47500000000056
3671,8.32421021194554e-09,114.31250000000055,-114.31249999167635
800,1.4305115599933738e-06,114.31250000000055,-114.312498569489
968,0.0002746955835282455,113.92500000000055,-113.92472530441702
2076,0.019538884052188697,113.92500000000055,-113.90546111594836
1479,1.3642420570298415e-12,113.53750000000055,-113.53749999999918
1287,0.0002450943068435664,113.53750000000055,-113.5372549056937
1244,7.629513857277812e-05,113.15000000000055,-113.14992370486198
1249,3.0385564090486556e-08,112.76250000000054,-112.76249996961498
2161,1.3597762419202426e-07,112.76250000000054,-112.76249986402291
30749,0.0004882906068921596,112.76250000000054,-112.76201170939365
765,3.469446964878311e-18,112.37500000000054,-112.37500000000054
4014,3.0999127242811556e-05,112.37500000000054,-112.37496900087329
1228,9.754073789000825e-11,111.98750000000054,-111.987499999903
2002,7.465132956349895e-09,111.60000000000053,-111.5999999925354
70286,3.057887079832656e-05,111.60000000000053,-111.59996942112974
7143,9.633458164742126e-07,110.82500000000053,-110.82499903665472
65,6.103515625001388e-05,110.82500000000053,-110.82493896484428
5377,1.6591155470404557e-14,110.05000000000052,-110.05000000000051
1029,1.1641658753760998e-10,110.05000000000052,-110.04999999988411
1953,3.131390217084205e-13,109.66250000000052,-109.66250000000021
1907,1.8633272806751766e-09,109.66250000000052,-109.66249999813719
35836,1.4901745236237487e-06,109.66250000000052,-109.662498509826
2761,0.0019531250146212834,109.66250000000052,-109.6605468749859
1188,3.7553604757693085e-09,109.27500000000052,-109.27499999624516
8784,0.0001225473208423864,109.27500000000052,-109.27487745267968
1022,3.0469978662735484e-11,108.88750000000051,-108.88749999997005
1377,3.9190047153807016e-08,108.88750000000051,-108.88749996081047
3448,1.9236471055495556e-06,108.88750000000051,-108.88749807635341
2160,1.8193224740673678e-12,108.50000000000051,-108.49999999999869
2968,0.0019531269792310052,108.50000000000051,-108.49804687302128
88,8.272058561019947e-25,108.11250000000051,-108.11250000000051
2722,1.4071022369620287e-17,108.11250000000051,-108.11250000000051
2005,3.0280663219075086e-08,108.11250000000051,-108.11249996971985
68358,6.485017729580226e-05,108.11250000000051,-108.11243514982321
2145,8.88178420527694e-16,107.7250000000005,-107.7250000000005
4262,2.983358843416957e-08,107.7250000000005,-107.72499997016692
3033,1.4631277163394554e-06,107.7250000000005,-107.72499853687279
1235,2.3433145503485905e-09,107.3375000000005,-107.33749999765719
4361,4.066523580765788e-20,106.9500000000005,-106.9500000000005
232,4.053181415083635e-15,106.9500000000005,-106.9500000000005
2273,1.4569909136046253e-11,106.9500000000005,-106.94999999998593
180,9.57865308102362e-07,106.5625000000005,-106.56249904213519
9,2.0679515313825692e-25,106.1750000000005,-106.1750000000005
2021,7.978147948068507e-09,106.1750000000005,-106.17499999202235
3863,4.365599548528823e-11,105.78750000000049,-105.78749999995684
1267,6.296026006114377e-05,105.78750000000049,-105.78743703974042
69122,1.907385694959744e-06,105.40000000000049,-105.3999980926148
1271,0.0001220786962941876,105.40000000000049,-105.3998779213042
2580,0.031250001688080786,105.40000000000049,-105.36874999831241
2394,1.5100443871638932e-14,105.01250000000049,-105.01250000000047
1129,2.452494073451993e-13,105.01250000000049,-105.01250000000024
2085,7.305267529145854e-12,105.01250000000049,-105.01249999999318
2871,0.0019836425781251943,105.01250000000049,-105.01051635742236
1373,1.1687374680106705e-10,104.62500000000048,-104.62499999988361
2746,5.589757108586166e-09,104.23750000000048,-104.23749999441073
1416,6.617520631071123e-24,103.85000000000048,-103.85000000000048
799,4.749952391389174e-25,103.85000000000048,-103.85000000000048
3174,3.75188857205683e-12,103.85000000000048,-103.84999999999673
1296,3.725518314216341e-09,103.85000000000048,-103.84999999627496
303,1.7349501440791598e-18,103.46250000000047,-103.46250000000047
898,4.60600768905586e-13,103.46250000000047,-103.46250000000002
1345,6.822365874621462e-13,103.46250000000047,-103.46249999999979
3703,1.4552805964789308e-11,103.46250000000047,-103.46249999998592
2193,0.0312500149598273,103.46250000000047,-103.43124998504065
5299,4.768845903005129e-07,103.07500000000047,-103.07499952311588
4025,1.194604958014784e-07,102.68750000000047,-102.68749988053997
3555,2.221530272144786e-16,101.91250000000046,-101.91250000000046
3275,7.474045766155605e-08,101.91250000000046,-101.91249992526001
2288,4.768411414756586e-07,101.91250000000046,-101.91249952315933
441,1.5289086151837358e-05,101.91250000000046,-101.91248471091431
1274,0.00024497522101550346,101.91250000000046,-101.91225502477944
3006,9.3132613366584e-09,101.52500000000046,-101.52499999068719
1994,1.5260651707909673e-05,101.52500000000046,-101.52498473934875
44555,6.956787888508282e-18,100.36250000000045,-100.36250000000045
2688,7.623296526866425e-21,100.36250000000045,-100.36250000000045
276,3.469487897406557e-18,99.97500000000045,-99.97500000000045
247,1.2823919753391475e-10,99.97500000000045,-99.97499999987221
3082,2.330580489977185e-10,99.97500000000045,-99.97499999976739
2058,2.350481065421113e-10,99.97500000000045,-99.9749999997654
1019,4.656612875247002e-10,99.97500000000045,-99.97499999953479
1409,9.313243509858704e-10,99.97500000000045,-99.97499999906913
1269,3.7547504133873e-09,99.97500000000045,-99.9749999962457
2289,1.5258832718305154e-05,99.97500000000045,-99.97498474116773
3552,0.007812500000463631,99.97500000000045,-99.96718749999998
2641,1.1189708569110116e-16,99.58750000000045,-99.58750000000045
1186,1.4095111322261103e-17,99.58750000000045,-99.58750000000045
837,4.831690603169715e-13,99.58750000000045,-99.58749999999996
2686,7.45058059692723e-09,99.58750000000045,-99.58749999254987
1261,3.81473370582025e-06,99.58750000000045,-99.58749618526674
7502,0.12500381469726565,99.58750000000045,-99.46249618530318
3396,5.421715261573343e-20,99.20000000000044,-99.20000000000044
2539,2.3103093387373755e-13,99.20000000000044,-99.20000000000022
4018,5.822195689983368e-11,99.20000000000044,-99.19999999994222
1921,9.129898677768719e-08,99.20000000000044,-99.19999990870146
50872,0.003906256061484351,99.20000000000044,-99.19609374393896
1586,2.134130019354646e-22,98.81250000000044,-98.81250000000044
6942,1.164442051120942e-10,98.81250000000044,-98.812499999884
1947,2.386514471880269e-07,98.81250000000044,-98.81249976134899
34405,0.06250000005832226,98.81250000000044,-98.74999999994212
1321,1.86265942253826e-09,98.42500000000044,-98.42499999813778
2020,7.629394532155536e-06,98.42500000000044,-98.4249923706059
5010,1.0000002384532136,99.20000000000044,-98.19999976154723
1562,9.109395511809646e-13,98.03750000000043,-98.03749999999953
2078,2.0962720536263996e-09,98.03750000000043,-98.03749999790416
41,4.3389262723101535e-19,97.65000000000043,-97.65000000000043
2087,3.553581255709264e-15,97.65000000000043,-97.65000000000043
162,2.847722396987371e-14,97.65000000000043,-97.6500000000004
1041,2.2737367597676355e-13,97.65000000000043,-97.6500000000002
1343,6.825993959432674e-13,97.65000000000043,-97.64999999999975
4370,7.4517854378692e-09,97.65000000000043,-97.64999999254864
3752,1.1921292753309193e-07,97.65000000000043,-97.6499998807875
222,2.980232261158984e-08,97.26250000000043,-97.2624999701981
1104,1.862659360302938e-09,96.87500000000043,-96.87499999813777
1231,7.450623236498055e-09,96.87500000000043,-96.8749999925498
1175,2.981400939462126e-07,96.87500000000043,-96.87499970186033
1299,9.536752330202878e-07,96.87500000000043,-96.87499904632519
1957,2.981143165659018e-08,96.48750000000042,-96.48749997018899
922,8.141057286465904e-15,96.10000000000042,-96.1000000000004
2064,4.510317071621386e-16,95.71250000000042,-95.71250000000042
4002,4.168214805442991e-25,95.71250000000042,-95.71250000000042
5991,1.4551987014678188e-11,95.71250000000042,-95.71249999998587
207,2.910383094473392e-11,95.71250000000042,-95.71249999997131
1347,9.536743236248685e-07,95.71250000000042,-95.71249904632609
562,1.1622647686173753e-16,95.32500000000041,-95.32500000000041
381,2.775558926451923e-17,95.32500000000041,-95.32500000000041
413,1.1368687160959377e-13,94.93750000000041,-94.9375000000003
1912,6.195932656082375e-11,94.93750000000041,-94.93749999993845
1967,9.640739391805983e-10,94.93750000000041,-94.93749999903633
194,1.818989891436834e-12,94.55000000000041,-94.54999999999859
1911,0.007812500000000002,94.55000000000041,-94.54218750000041
588,922.4721474945545,1016.8000000000486,-94.32785250549409
880,8.673650467108538e-19,93.7750000000004,-93.7750000000004
44195,1.3660189651661082e-12,93.7750000000004,-93.77499999999904
1411,2.3284491696032403e-10,93.7750000000004,-93.77499999976756
45722,1.9124212478431965e-06,93.7750000000004,-93.77499808757915
707,2.168404345980751e-19,93.3875000000004,-93.3875000000004
3039,7.867813565440054e-06,93.3875000000004,-93.38749213218684
2915,1.613406091261877e-23,93.0000000000004,-93.0000000000004
2366,3.415018391677164e-21,93.0000000000004,-93.0000000000004
2359,1.4901189837601917e-08,93.0000000000004,-92.99999998509921
5502,4.075496693947205e-06,93.0000000000004,-92.99999592450371
3617,1.8459645249080296e-15,92.6125000000004,-92.6125000000004
2485,7.275985369881594e-12,92.6125000000004,-92.61249999999312
1680,3.034085694145593e-08,92.6125000000004,-92.61249996965954
2109,1.1920928955080836e-07,92.22500000000039,-92.2249998807911
5902,1.7881394251778823e-07,92.22500000000039,-92.22499982118644
2124,1.7352562076142776e-18,91.83750000000039,-91.83750000000039
3916,4.916000742474325e-19,91.83750000000039,-91.83750000000039
4718,3.4561312200652655e-11,91.83750000000039,-91.83749999996583
33166,7.450865297710508e-09,91.83750000000039,-91.83749999254952
1644,8.881923960033612e-16,91.45000000000039,-91.45000000000039
2717,1.136868377299439e-13,91.45000000000039,-91.45000000000027
3499,7.56699658946107e-09,91.45000000000039,-91.44999999243339
6378,2.393941466522136e-07,91.45000000000039,-91.44999976060625
1663,1.5258789318531307e-05,91.45000000000039,-91.44998474121107
74,5.048709793414476e-29,91.06250000000038,-91.06250000000038
3210,1.1368683787012393e-13,91.06250000000038,-91.06250000000027
2944,1.1921656551533655e-07,91.06250000000038,-91.06249988078382
5679,1.907382308226798e-06,91.06250000000038,-91.06249809261807
30707,0.0312501196777803,91.06250000000038,-91.0312498803226
1960,2.842182125047898e-14,90.67500000000038,-90.67500000000035
2872,5.684385254179656e-14,90.28750000000038,-90.28750000000032
3361,3.639755165731885e-12,90.28750000000038,-90.28749999999674
6807,3.7258021219074165e-09,90.28750000000038,-90.28749999627458
7254,5.152320829154598e-09,90.28750000000038,-90.28749999484806
49530,1.862766052529463e-09,89.90000000000038,-89.8999999981376
48774,2.9807964380425565e-08,89.90000000000038,-89.89999997019241
3624,9.536743555416135e-07,89.90000000000038,-89.89999904632602
5459,0.0002441421402476267,89.90000000000038,-89.89975585786013
3702,4.455287446202468e-15,89.51250000000037,-89.51250000000037
1438,1.1641532182693481e-10,89.51250000000037,-89.51249999988396
86,4.235164736271502e-22,89.12500000000037,-89.12500000000037
3148,4.4408926496127385e-16,89.12500000000037,-89.12500000000037
1717,8.674481783624153e-19,89.12500000000037,-89.12500000000037
761,2.3283064365386963e-10,89.12500000000037,-89.12499999976754
4720,5.984506651890813e-08,89.12500000000037,-89.1249999401553
1590,7.226256293611785e-21,88.73750000000037,-88.73750000000037
748,3.388248111290842e-21,88.73750000000037,-88.73750000000037
227,1.3126645462877636e-26,88.35000000000036,-88.35000000000036
2094,5.960464499743523e-08,88.35000000000036,-88.34999994039572
18,3.554291694563791e-26,87.96250000000036,-87.96250000000036
1882,6.098647602902653e-20,87.96250000000036,-87.96250000000036
532,7.133186744865174e-15,87.96250000000036,-87.96250000000035
2300,2.29200345947249e-16,87.57500000000036,-87.57500000000036
1805,2.842345771304439e-14,87.57500000000036,-87.57500000000033
3363,9.094947017771292e-13,87.18750000000036,-87.18749999999945
839,4.1359030627651384e-25,86.80000000000035,-86.80000000000035
737,6.462348535570529e-27,86.80000000000035,-86.80000000000035
3826,1.7763576866408196e-15,86.80000000000035,-86.80000000000035
1253,5.820766134725913e-11,86.80000000000035,-86.79999999994214
6373,3.05774307224343e-05,86.80000000000035,-86.79996942256963
4643,1.388490818945146e-17,86.41250000000035,-86.41250000000035
3489,2.8800568012531895e-20,86.41250000000035,-86.41250000000035
3386,2.842517888728296e-14,86.41250000000035,-86.41250000000032
3967,7.30438376933258e-12,86.41250000000035,-86.41249999999305
741,0.031250119558536196,86.41250000000035,-86.38124988044181
81845,4.656612882043651e-10,86.02500000000035,-86.02499999953469
3247,2.776912835120519e-17,85.63750000000034,-85.63750000000034
534,1.0344964138887305e-25,85.25000000000034,-85.25000000000034
3105,3.637978824035681e-12,85.25000000000034,-85.2499999999967
5481,1.165327840751568e-10,85.25000000000034,-85.24999999988381
4975,4.166101814195941e-17,84.86250000000034,-84.86250000000034
3354,3.7252902988955966e-09,84.86250000000034,-84.86249999627505
3798,6.563322731438818e-28,84.08750000000033,-84.08750000000033
916,1.2577867519507947e-16,84.08750000000033,-84.08750000000033
2125,1.1102235540207486e-16,84.08750000000033,-84.08750000000033
1027,7.276068643474744e-12,84.08750000000033,-84.08749999999306
1037,2.980232239246583e-08,83.70000000000033,-83.69999997019801
3005,2.775559215944311e-17,83.31250000000033,-83.31250000000033
308,5.684341928433014e-14,82.92500000000032,-82.92500000000027
32,924.3279457092285,1007.1125000000475,-82.78455429081896
2949,5.813756227996208e-20,82.53750000000032,-82.53750000000032
4571,2.1330391162546845e-14,82.53750000000032,-82.53750000000029
203,1.818991138269646e-12,82.53750000000032,-82.5374999999985
1952,1.1641532182761244e-09,82.53750000000032,-82.53749999883617
12,1.4901161193847656e-08,82.53750000000032,-82.53749998509916
1831,8.741380015932592e-19,82.15000000000032,-82.15000000000032
4848,1.490231099845465e-07,82.15000000000032,-82.14999985097721
78499,3.725290298735135e-09,81.76250000000032,-81.76249999627503
4447,1.490118251447825e-08,81.76250000000032,-81.76249998509913
866,2.222615001605532e-16,81.37500000000031,-81.37500000000031
1284,7.275957837907144e-12,81.37500000000031,-81.37499999999304
1378,2.9103885967990866e-11,81.37500000000031,-81.37499999997121
1292,1.8626460947636725e-09,81.37500000000031,-81.37499999813767
89745,0.250000000001819,81.37500000000031,-81.1249999999985
2352,1.942460299041815e-12,80.98750000000031,-80.98749999999836
1965,2.955857786188492e-11,80.98750000000031,-80.98749999997075
1032,4.656613031370933e-10,80.98750000000031,-80.98749999953465
1077,6.053600293331478e-08,80.98750000000031,-80.9874999394643
8644,0.00012590386953916915,80.98750000000031,-80.98737409613076
2478,1.3986208025113494e-17,80.6000000000003,-80.6000000000003
4310,9.103828832161928e-13,80.6000000000003,-80.5999999999994
3785,3.844499589158183e-06,80.2125000000003,-80.21249615550072
1476,3.334571844354393e-24,79.4375000000003,-79.4375000000003
2420,4.54747351309992e-13,79.4375000000003,-79.43749999999984
54503,4.63656891029868e-13,79.4375000000003,-79.43749999999983
5971,1.8332002617288064e-12,79.4375000000003,-79.43749999999847
3301,5.695791061104966e-14,79.0500000000003,-79.05000000000024
8464,7.282231275133234e-12,79.0500000000003,-79.04999999999302
3424,7.275957614183432e-12,78.66250000000029,-78.66249999999302
51255,9.552539708575233e-11,78.66250000000029,-78.66249999990477
2313,1.5133995834417957e-08,78.66250000000029,-78.6624999848663
491,1.0842187162239732e-19,78.27500000000029,-78.27500000000029
2805,1.0842021724855044e-19,78.27500000000029,-78.27500000000029
2840,1.5777218104420236e-30,78.27500000000029,-78.27500000000029
2018,1.4210854874074147e-14,78.27500000000029,-78.27500000000028
3108,5.817591016004112e-14,78.27500000000029,-78.27500000000023
4270,1.1374236242538154e-13,78.27500000000029,-78.27500000000018
2431,8.278148567208254e-25,77.88750000000029,-77.88750000000029
2384,1.2924697071141057e-26,77.88750000000029,-77.88750000000029
2371,1.524669806374111e-20,77.88750000000029,-77.88750000000029
1049,0.00390625,77.88750000000029,-77.88359375000029
3100,4.3368128258450805e-19,77.50000000000028,-77.50000000000028
3535,5.712287214832783e-14,77.50000000000028,-77.50000000000023
3273,3.637978834196767e-12,77.50000000000028,-77.49999999999665
1884,3.815628602480084e-06,77.50000000000028,-77.49999618437168
249,6.487592084537601e-27,77.11250000000028,-77.11250000000028
4321,2.1325750167382745e-25,77.11250000000028,-77.11250000000028
2948,4.441114593543857e-16,77.11250000000028,-77.11250000000028
8622,0.12500000000091013,77.11250000000028,-76.98749999999937
915,5.299338160523519e-23,76.72500000000028,-76.72500000000028
31658,2.9662696766151572e-21,76.72500000000028,-76.72500000000028
535,5.684341886745171e-14,76.72500000000028,-76.72500000000022
2108,5.820766107609773e-11,76.72500000000028,-76.72499999994207
1212,1.4901389795707377e-08,76.72500000000028,-76.72499998509889
2013,3.3087256056557316e-24,75.95000000000027,-75.95000000000027
540,1.7347234775955497e-18,75.95000000000027,-75.95000000000027
280,8.470333511510838e-22,75.56250000000027,-75.56250000000027
81591,1.4779288903836657e-11,75.56250000000027,-75.56249999998549
1298,2.3283064365389656e-10,75.56250000000027,-75.56249999976744
8798,0.00012207031272742967,75.56250000000027,-75.56237792968754
2428,2.220480062917117e-16,75.17500000000027,-75.17500000000027
2096,2.185477364931007e-19,75.17500000000027,-75.17500000000027
74458,0.007812514901161194,75.17500000000027,-75.1671874850991
954,1.3986791187398013e-17,74.78750000000026,-74.78750000000026
262,3.470399864019275e-18,74.78750000000026,-74.78750000000026
3450,2.6469779601696886e-23,74.78750000000026,-74.78750000000026
71535,0.0004882813082076609,74.78750000000026,-74.78701171869206
519,6.938893903907228e-18,74.40000000000026,-74.40000000000026
91529,2.8421709430513874e-14,74.40000000000026,-74.40000000000023
1020,1.4211722078699417e-14,74.01250000000026,-74.01250000000024
3317,3.6415315207706775e-14,74.01250000000026,-74.01250000000022
48385,4.984038885817384e-10,74.01250000000026,-74.01249999950186
3809,3.2311742677852644e-27,73.62500000000026,-73.62500000000026
836,1.6543612251060553e-24,73.62500000000026,-73.62500000000026
76093,1.421085471520362e-14,73.62500000000026,-73.62500000000024
1103,1.1641532182693481e-10,73.62500000000026,-73.62499999988384
41566,4.768373856358219e-07,73.62500000000026,-73.62499952316287
2046,3.552713678852225e-15,73.23750000000025,-73.23750000000025
2951,9.130751727291675e-13,73.23750000000025,-73.23749999999934
4446,3.7253187357849145e-09,73.23750000000025,-73.23749999627493
1185,1.7381149164882745e-18,72.85000000000025,-72.85000000000025
1179,9.095503221943307e-13,72.85000000000025,-72.84999999999934
477,7.107189186131316e-15,72.46250000000025,-72.46250000000023
2616,5.048709793414476e-29,72.07500000000024,-72.07500000000024
4223,8.8819200216129e-16,72.07500000000024,-72.07500000000024
27773,9.095018848243847e-13,72.07500000000024,-72.07499999999933
1537,5.296540859753605e-23,71.68750000000024,-71.68750000000024
54001,4.476399719667891e-16,71.68750000000024,-71.68750000000024
994,5.684341891408402e-14,71.68750000000024,-71.68750000000018
99114,0.00012207031250011102,71.68750000000024,-71.68737792968774
1959,3.552713692061265e-15,71.30000000000024,-71.30000000000024
2067,3.523670295469268e-18,71.30000000000024,-71.30000000000024
2391,1.448841047550712e-14,71.30000000000024,-71.30000000000022
30793,1.879415541420527e-12,71.30000000000024,-71.29999999999836
6863,2.933192838285197e-11,70.91250000000024,-70.9124999999709
6870,4.656826037156379e-10,70.91250000000024,-70.91249999953455
2369,2.1506706023798306e-22,70.52500000000023,-70.52500000000023
2243,1.328147661294743e-18,70.52500000000023,-70.52500000000023
383,1.0587911840678754e-22,70.52500000000023,-70.52500000000023
3300,4.440962012129117e-16,70.52500000000023,-70.52500000000023
5903,2.9132293815048076e-11,70.52500000000023,-70.5249999999711
6537,1.8924597518441547e-09,70.52500000000023,-70.52499999810777
4367,2.220446057652644e-16,70.13750000000023,-70.13750000000023
3534,8.673617379884035e-19,70.13750000000023,-70.13750000000023
7293,9.79170115298746e-19,70.13750000000023,-70.13750000000023
5013,2.1684706492980725e-19,70.13750000000023,-70.13750000000023
3698,1.6543628028278658e-23,70.13750000000023,-70.13750000000023
64614,1.1920931992110183e-07,70.13750000000023,-70.13749988079091
3113,1.776356839400263e-15,69.75000000000023,-69.75000000000023
1125,1.356596889150989e-20,69.75000000000023,-69.75000000000023
3252,1.6543628028278658e-24,69.75000000000023,-69.75000000000023
2719,8.470329472543003e-22,69.75000000000023,-69.75000000000023
2137,5.459392042849983e-23,68.97500000000022,-68.97500000000022
2687,5.551115123126414e-17,68.97500000000022,-68.97500000000022
5464,7.27684601283844e-12,68.97500000000022,-68.97499999999295
2231,5.820766115741626e-11,68.97500000000022,-68.97499999994201
23,4.76837158203125e-07,68.97500000000022,-68.97499952316306
6218,3.815863465206513e-06,68.97500000000022,-68.97499618413676
1449,3.4702939851107055e-18,68.58750000000022,-68.58750000000022
2662,1.1102230246251565e-16,68.58750000000022,-68.58750000000022
3868,2.77606842832435e-17,68.58750000000022,-68.58750000000022
4148,2.2737367544326114e-13,68.58750000000022,-68.58749999999999
382,2.8398992587956425e-29,68.20000000000022,-68.20000000000022
144,3.2327519895957064e-27,68.20000000000022,-68.20000000000022
46976,2.173846574392553e-17,68.20000000000022,-68.20000000000022
1256,1.4665602079856062e-11,68.20000000000022,-68.19999999998555
3362,5.662445943246338e-07,68.20000000000022,-68.19999943375562
728,3.552713678800501e-15,67.81250000000021,-67.81250000000021
3285,9.094947017795457e-13,67.81250000000021,-67.8124999999993
546,0.0019531250145519152,67.81250000000021,-67.81054687498566
4239,7.629394561559334e-06,67.42500000000021,-67.42499237060565
1982,2.715802618308368e-20,67.03750000000021,-67.03750000000021
538,4.1359030627651384e-25,67.03750000000021,-67.03750000000021
4776,0.0004882812509130482,67.03750000000021,-67.0370117187493
215,1.0842104523695656e-19,66.6500000000002,-66.6500000000002
164,1.0842021724855044e-19,66.6500000000002,-66.6500000000002
8970,1.8332002595367002e-12,66.6500000000002,-66.64999999999837
69,3.1554436208840472e-30,66.2625000000002,-66.2625000000002
40819,1.1551957310397123e-13,66.2625000000002,-66.26250000000009
59369,4.547473508872913e-13,66.2625000000002,-66.26249999999975
60684,2.3283064365390277e-10,66.2625000000002,-66.26249999976737
34162,2.384186927884214e-07,66.2625000000002,-66.26249976158151
4816,1.52587890642766e-05,66.2625000000002,-66.26248474121114
218,1.3877787807816034e-17,65.8750000000002,-65.8750000000002
4638,6.939317420653801e-18,65.4875000000002,-65.4875000000002
3608,1.7006849565738806e-21,65.4875000000002,-65.4875000000002
2421,2.0690874910860874e-25,65.4875000000002,-65.4875000000002
4369,2.818925648657318e-17,65.1000000000002,-65.1000000000002
3178,8.271806125530277e-25,65.1000000000002,-65.1000000000002
481,1.6543612251060553e-24,65.1000000000002,-65.1000000000002
1693,5.551115123125783e-17,65.1000000000002,-65.1000000000002
412,1.355252716869058e-20,64.71250000000019,-64.71250000000019
1350,4.235164736271502e-22,64.71250000000019,-64.71250000000019
1025,4.1439809984346015e-25,64.71250000000019,-64.71250000000019
47610,1.1796120166557393e-16,64.71250000000019,-64.71250000000019
7090,1.907348632812555e-06,64.71250000000019,-64.71249809265156
8949,3.051757812500092e-05,64.71250000000019,-64.71246948242207
374,3.155443620884047e-29,64.32500000000019,-64.32500000000019
371,1.6940658945086007e-21,63.93750000000019,-63.93750000000019
4734,1.0992303397711667e-25,63.93750000000019,-63.93750000000019
1441,4.656621754929352e-10,63.93750000000019,-63.93749999953453
2600,1.355314754152822e-20,63.55000000000019,-63.55000000000019
1091,2.4233807008389483e-27,63.55000000000019,-63.55000000000019
361,2.220446049379576e-16,63.162500000000186,-63.162500000000186
6953,3.97766715032374e-18,62.77500000000018,-62.77500000000018
44665,1.357899719441688e-20,62.77500000000018,-62.77500000000018
3435,4.440892098501652e-16,62.77500000000018,-62.77500000000018
290,1.0842352602148775e-19,62.38750000000018,-62.38750000000018
1635,3.308722450212111e-24,62.38750000000018,-62.38750000000018
2186,1.4210856410105183e-14,62.38750000000018,-62.387500000000166
1245,7.3996798403907e-18,62.00000000000018,-62.00000000000018
73017,9.313225746769413e-10,62.00000000000018,-61.999999999068855
446,1.666074231826777e-27,61.612500000000175,-61.612500000000175
1100,1.262177448353619e-29,61.612500000000175,-61.612500000000175
1556,2.2737372965375427e-13,61.612500000000175,-61.61249999999995
1587,1.4551915262249023e-11,61.612500000000175,-61.61249999998562
1086,2.9103830456748645e-11,61.612500000000175,-61.61249999997107
175,2.0679515313825692e-25,61.22500000000017,-61.22500000000017
281,3.3881317890172014e-21,61.22500000000017,-61.22500000000017
267,6.617848797207695e-24,61.22500000000017,-61.22500000000017
3104,8.78904644386559e-25,61.22500000000017,-61.22500000000017
1614,1.3234889800848443e-23,61.22500000000017,-61.22500000000017
80463,7.275957620959728e-12,61.22500000000017,-61.224999999992896
56174,2.384185804771982e-07,61.22500000000017,-61.22499976158159
1499,1.3552527163957414e-20,60.83750000000017,-60.83750000000017
2423,2.901087845608156e-20,60.83750000000017,-60.83750000000017
2116,1.1368683856866513e-13,60.83750000000017,-60.837500000000055
1894,5.551115123127045e-17,60.450000000000166,-60.450000000000166
1589,1.3877787807814457e-17,60.450000000000166,-60.450000000000166
3264,1.52587890625e-05,60.450000000000166,-60.449984741211104
76251,3.051757818184342e-05,60.450000000000166,-60.449969482421984
2405,2.2209881508546166e-16,60.06250000000016,-60.06250000000016
2788,1.776798990598755e-15,60.06250000000016,-60.06250000000016
7444,2.117582368135751e-22,60.06250000000016,-60.06250000000016
4019,2.117582368135751e-22,60.06250000000016,-60.06250000000016
1779,1.3126645462877636e-27,60.06250000000016,-60.06250000000016
1385,1.084218717359933e-19,60.06250000000016,-60.06250000000016
1566,6.938893904715022e-18,60.06250000000016,-60.06250000000016
2134,1.2924697071141057e-26,60.06250000000016,-60.06250000000016
428,8.881784197003272e-16,59.67500000000016,-59.67500000000016
2795,1.223963126290995e-19,59.67500000000016,-59.67500000000016
314,3.970466940254533e-23,59.67500000000016,-59.67500000000016
4016,5.2966216391103e-23,59.67500000000016,-59.67500000000016
909,7.105427357601002e-15,59.67500000000016,-59.67500000000015
1945,5.866240827220216e-11,59.67500000000016,-59.6749999999415
3087,4.3943970041879595e-25,59.28750000000016,-59.28750000000016
338,2.5849394142282115e-26,59.28750000000016,-59.28750000000016
3984,4.1359030627651384e-25,58.900000000000155,-58.900000000000155
39183,1.2407709188295415e-24,58.900000000000155,-58.900000000000155
379,5.299138420942317e-23,58.900000000000155,-58.900000000000155
3745,1.7832966001927213e-15,58.900000000000155,-58.900000000000155
1591,1.421086149149143e-14,58.900000000000155,-58.90000000000014
3060,2.2204799978417564e-16,58.51250000000015,-58.51250000000015
1619,1.7347234767846007e-18,58.51250000000015,-58.51250000000015
3159,3.308722450212111e-24,58.51250000000015,-58.51250000000015
2857,3.3881317890172014e-21,58.51250000000015,-58.51250000000015
3298,3.308722450212111e-24,58.51250000000015,-58.51250000000015
1801,5.821121362778148e-11,58.51250000000015,-58.51249999994194
2010,1.1641887454230773e-10,58.12500000000015,-58.12499999988373
1429,5.551115123125783e-17,57.737500000000146,-57.737500000000146
663,5.293955920339377e-23,57.737500000000146,-57.737500000000146
3257,7.10542735842839e-15,57.737500000000146,-57.73750000000014
4235,3.63803431834898e-12,57.737500000000146,-57.73749999999651
2953,7.450580660255008e-09,57.737500000000146,-57.737499992549566
3263,8.077935669463161e-28,57.35000000000014,-57.35000000000014
1958,2.0684564023619106e-25,57.35000000000014,-57.35000000000014
1344,2.710505431213761e-20,56.96250000000014,-56.96250000000014
4023,5.421010862427522e-20,56.96250000000014,-56.96250000000014
1254,2.853273173452413e-14,56.96250000000014,-56.96250000000011
930,8.172598978089682e-28,56.57500000000014,-56.57500000000014
53125,2.1406529524077376e-26,56.57500000000014,-56.57500000000014
3083,2.220446049250818e-16,56.57500000000014,-56.57500000000014
3556,4.656617314003374e-10,56.57500000000014,-56.57499999953448
81,4.0389678347315804e-28,56.187500000000135,-56.187500000000135
2398,2.5855705029523883e-26,56.187500000000135,-56.187500000000135
1095,1.4551943417623375e-11,56.187500000000135,-56.18749999998558
1013,2.0194839173657902e-28,55.80000000000013,-55.80000000000013
1257,3.6189167576413065e-24,55.80000000000013,-55.80000000000013
44199,1.1632227364026952e-25,55.80000000000013,-55.80000000000013
5266,1.1641532188115816e-10,55.80000000000013,-55.79999999988372
68237,0.00012207031261368695,55.80000000000013,-55.79987792968752
5782,0.0019531250000035536,55.80000000000013,-55.798046875000125
1283,1.7763568394006607e-15,55.41250000000013,-55.41250000000013
6188,2.1176469916211066e-22,55.41250000000013,-55.41250000000013
54272,7.105427360945274e-15,55.41250000000013,-55.41250000000012
3543,2.9103830456733704e-11,55.41250000000013,-55.412499999971025
605,4.336808689957795e-19,55.02500000000013,-55.02500000000013
4344,8.882089128862264e-16,55.02500000000013,-55.02500000000013
55765,4.165185579566942e-28,55.02500000000013,-55.02500000000013
3020,6.945696640511816e-18,55.02500000000013,-55.02500000000013
8957,0.0009765625000284217,55.02500000000013,-55.0240234375001
3504,9.693522803355793e-27,54.637500000000124,-54.637500000000124
5810,1.5777218104420236e-30,54.25000000000012,-54.25000000000012
1678,6.77626358434529e-21,54.25000000000012,-54.25000000000012
57669,2.2737454280497005e-13,54.25000000000012,-54.24999999999989
2409,2.710505436262471e-20,53.86250000000012,-53.86250000000012
234,1.6543612251060553e-24,53.86250000000012,-53.86250000000012
926,5.17240318335313e-26,53.86250000000012,-53.86250000000012
8950,1.141309540365212e-13,53.86250000000012,-53.862500000000004
56782,3.637978807091732e-12,53.86250000000012,-53.86249999999648
2622,2.5850971864092557e-26,53.475000000000115,-53.475000000000115
2991,4.336808689942018e-19,53.475000000000115,-53.475000000000115
2402,1.0097419586828951e-28,53.475000000000115,-53.475000000000115
4901,6.468659422812297e-27,53.475000000000115,-53.475000000000115
55247,9.094947018027067e-13,53.475000000000115,-53.474999999999206
2318,0.00048828125,53.475000000000115,-53.474511718750115
1955,2.0194839173657902e-28,53.08750000000011,-53.08750000000011
257,3.2311742677852644e-27,53.08750000000011,-53.08750000000011
3098,3.469446951953614e-18,52.70000000000011,-52.70000000000011
4874,2.9493700770092855e-17,52.70000000000011,-52.70000000000011
3409,8.077935669463161e-28,52.70000000000011,-52.70000000000011
8984,4.0389678347315804e-28,52.70000000000011,-52.70000000000011
2841,4.0389678347315804e-28,52.70000000000011,-52.70000000000011
7458,1.0501474142483153e-25,52.70000000000011,-52.70000000000011
3168,9.094947017729299e-13,52.70000000000011,-52.6999999999992
3593,8.940696716308594e-08,52.70000000000011,-52.69999991059314
1224,1.3877787808218354e-17,52.31250000000011,-52.31250000000011
4105,2.775557562330295e-17,52.31250000000011,-52.31250000000011
92259,9.5367431640625e-07,52.31250000000011,-52.31249904632579
933,2.7755575615628914e-17,51.925000000000104,-51.925000000000104
427,6.938893903907228e-18,51.925000000000104,-51.925000000000104
8376,3.552713738413243e-15,51.925000000000104,-51.9250000000001
30810,3.63797880709192e-12,51.925000000000104,-51.924999999996466
2528,2.0194839173657902e-28,51.5375000000001,-51.5375000000001
4701,5.955740800060147e-23,51.5375000000001,-51.5375000000001
2411,2.0679515313825692e-25,51.5375000000001,-51.5375000000001
53996,5.314635435653203e-23,51.5375000000001,-51.5375000000001
28,6.310887241768095e-30,51.5375000000001,-51.5375000000001
5956,1.4901161195589156e-08,51.5375000000001,-51.53749998509894
4299,1.059204774374152e-21,51.1500000000001,-51.1500000000001
5388,6.938920374191701e-18,51.1500000000001,-51.1500000000001
2232,2.2738939637809796e-13,51.1500000000001,-51.14999999999987
3452,5.960464477539063e-08,51.1500000000001,-51.14999994039545
7022,7.629394531250007e-06,51.1500000000001,-51.14999237060557
66934,0.0019531250000071054,51.1500000000001,-51.14804687500009
5945,8.077935669463161e-28,50.762500000000095,-50.762500000000095
4641,9.277004245399099e-28,50.762500000000095,-50.762500000000095
1792,8.881784197001252e-16,50.37500000000009,-50.37500000000009
4128,1.0587911840678754e-22,50.37500000000009,-50.37500000000009
1248,3.388131790594923e-21,50.37500000000009,-50.37500000000009
2467,1.3234889800848443e-23,49.98750000000009,-49.98750000000009
2986,1.1102230246252828e-16,49.98750000000009,-49.98750000000009
81834,1.0587911840678754e-22,49.98750000000009,-49.98750000000009
59784,1.7763568394002505e-15,49.60000000000009,-49.60000000000009
54997,3.1554436208840472e-30,49.60000000000009,-49.60000000000009
88125,1.3552527156068805e-20,49.60000000000009,-49.60000000000009
5015,4.0389678347315804e-28,49.60000000000009,-49.60000000000009
3683,3.0292258760486853e-28,49.60000000000009,-49.60000000000009
33004,0.015625,49.60000000000009,-49.58437500000009
3697,3.1554436208840472e-30,49.212500000000084,-49.212500000000084
1588,3.1554436208840472e-30,49.212500000000084,-49.212500000000084
64957,0.0009784698486332566,49.212500000000084,-49.21152153015145
26614,0.0078125,49.212500000000084,-49.204687500000084
289,1.0097419586828951e-28,48.82500000000008,-48.82500000000008
6947,7.275971496425215e-12,48.82500000000008,-48.824999999992805
351,2.0681408579998222e-25,48.43750000000008,-48.43750000000008
34048,4.44522898583836e-16,48.43750000000008,-48.43750000000008
45499,2.220446089058885e-16,48.050000000000075,-48.050000000000075
1243,2.3822801641527197e-22,48.050000000000075,-48.050000000000075
575,8.470329472543003e-22,48.050000000000075,-48.050000000000075
2139,5.048709793414476e-29,48.050000000000075,-48.050000000000075
1354,3.725290298461927e-09,48.050000000000075,-48.049999996274785
4015,2.1175848924906476e-22,47.66250000000007,-47.66250000000007
3360,2.710505754331188e-20,47.27500000000007,-47.27500000000007
1702,3.2311742677852644e-27,47.27500000000007,-47.27500000000007
2378,8.470329598760748e-22,47.27500000000007,-47.27500000000007
181,2.168404344971009e-19,47.27500000000007,-47.27500000000007
87232,2.9103830456733786e-10,47.27500000000007,-47.27499999970903
36529,0.00390625,47.27500000000007,-47.27109375000007
1711,1.5777218104420236e-30,46.88750000000007,-46.88750000000007
5225,6.617444900424222e-24,46.88750000000007,-46.88750000000007
46,2.524354896707238e-29,46.88750000000007,-46.88750000000007
1124,5.293955920339377e-23,46.88750000000007,-46.88750000000007
233,1.262177448353619e-29,46.88750000000007,-46.88750000000007
5630,7.888609052210118e-30,46.500000000000064,-46.500000000000064
1260,1.6940658945086007e-21,46.500000000000064,-46.500000000000064
1015,1.0097419586828951e-28,46.500000000000064,-46.500000000000064
4069,4.235164736271502e-22,46.500000000000064,-46.500000000000064
542,1.7763568394002505e-15,46.500000000000064,-46.500000000000064
3254,1.6155871338926322e-27,46.500000000000064,-46.500000000000064
69844,9.536743164131889e-07,46.500000000000064,-46.49999904632575
2567,8.471363448308695e-22,46.11250000000006,-46.11250000000006
3638,1.6940658945086007e-21,46.11250000000006,-46.11250000000006
8361,1.2197275091745488e-19,46.11250000000006,-46.11250000000006
5064,4.556357461474275e-13,46.11250000000006,-46.112499999999606
2004,3.814697265625e-06,46.11250000000006,-46.112496185302795
1237,1.0588234958105533e-22,45.72500000000006,-45.72500000000006
33679,1.4682622480239424e-22,45.72500000000006,-45.72500000000006
940,2.1180993560185965e-22,45.72500000000006,-45.72500000000006
3635,5.296540859753605e-23,45.337500000000055,-45.337500000000055
2565,2.0194839173657902e-28,45.337500000000055,-45.337500000000055
3267,6.77626438582797e-21,45.337500000000055,-45.337500000000055
54259,1.621246337890625e-05,45.337500000000055,-45.33748378753668
1348,8.077935669463161e-28,44.95000000000005,-44.95000000000005
2410,2.117582368135751e-22,44.95000000000005,-44.95000000000005
537,6.310887241768095e-30,44.95000000000005,-44.95000000000005
2340,7.105429051679821e-15,44.95000000000005,-44.950000000000045
85414,9.094949186133627e-13,44.95000000000005,-44.94999999999914
91500,0.03125000002910383,44.95000000000005,-44.91874999997095
928,6.939317420380856e-18,44.56250000000005,-44.56250000000005
52973,2.524354896707238e-29,44.56250000000005,-44.56250000000005
30812,6.829203238211992e-21,44.56250000000005,-44.56250000000005
533,5.169878828456423e-26,44.56250000000005,-44.56250000000005
2527,6.462348535570529e-27,44.56250000000005,-44.56250000000005
195,1.2924697071141057e-26,44.17500000000005,-44.17500000000005
3735,5.294117479052766e-23,44.17500000000005,-44.17500000000005
1209,5.421010862427522e-20,44.17500000000005,-44.17500000000005
405,5.821476634082501e-11,44.17500000000005,-44.17499999994183
1081,1.694272689661739e-21,43.787500000000044,-43.787500000000044
5872,5.169878828456423e-26,43.787500000000044,-43.787500000000044
64,7.275957614183426e-12,43.787500000000044,-43.78749999999277
1023,1.6155871338926322e-27,43.40000000000004,-43.40000000000004
2664,3.469552831072021e-18,43.40000000000004,-43.40000000000004
1300,4.547473508864674e-13,43.40000000000004,-43.39999999999959
66,1.4901161193847656e-08,43.40000000000004,-43.39999998509888
3744,1.1920928955078125e-07,43.01250000000004,-43.01249988079075
493,1.0097419586828951e-28,42.625000000000036,-42.625000000000036
101,3.0517578125e-05,42.625000000000036,-42.62496948242191
3462,4.0389678347315804e-28,42.23750000000003,-42.23750000000003
1217,2.220988150336682e-16,42.23750000000003,-42.23750000000003
8529,2.5849394142282115e-26,42.23750000000003,-42.23750000000003
5254,1.262177448353619e-29,42.23750000000003,-42.23750000000003
1381,4.1359030627651384e-25,42.23750000000003,-42.23750000000003
31685,2.168404344971009e-19,42.23750000000003,-42.23750000000003
79702,1.8626451492309603e-09,42.23750000000003,-42.23749999813739
7323,3.599993429718233e-21,41.85000000000003,-41.85000000000003
77561,1.734723475976807e-18,41.85000000000003,-41.85000000000003
45517,1.3552527156068805e-20,41.85000000000003,-41.85000000000003
911,1.3234889800848443e-23,41.85000000000003,-41.85000000000003
2728,1.0097419586828951e-28,41.46250000000003,-41.46250000000003
1131,2.5849394142282115e-26,41.46250000000003,-41.46250000000003
3654,8.881784197001252e-16,41.46250000000003,-41.46250000000003
3910,7.450580596923855e-09,41.46250000000003,-41.462499992549446
2297,2.9802322387695312e-08,41.46250000000003,-41.462499970197705
27611,6.103515625e-05,41.46250000000003,-41.46243896484378
2126,2.6469779601696886e-23,41.075000000000024,-41.075000000000024
3328,1.262177448353619e-29,41.075000000000024,-41.075000000000024
1012,2.7755575615628914e-17,41.075000000000024,-41.075000000000024
2702,1.5777218104420236e-30,41.075000000000024,-41.075000000000024
72011,2.273736754432385e-13,41.075000000000024,-41.0749999999998
5954,1.3552527156068805e-20,40.68750000000002,-40.68750000000002
48738,1.2924697071141057e-26,40.68750000000002,-40.68750000000002
61323,8.673617379884035e-19,40.68750000000002,-40.68750000000002
951,1.0339757656912846e-25,40.68750000000002,-40.68750000000002
1211,1.4551915228366955e-11,40.68750000000002,-40.68749999998547
4232,1.1641532182693647e-10,40.68750000000002,-40.687499999883606
4855,4.733165431326071e-30,40.30000000000002,-40.30000000000002
2990,4.0389678347315804e-28,40.30000000000002,-40.30000000000002
3198,4.336874864391022e-19,40.30000000000002,-40.30000000000002
4639,1.2924697071141057e-26,40.30000000000002,-40.30000000000002
5673,2.0680020184805033e-24,39.912500000000016,-39.912500000000016
2072,8.077935669463161e-28,39.912500000000016,-39.912500000000016
3246,2.168404344971009e-19,39.912500000000016,-39.912500000000016
63,1.2924697071141057e-26,39.912500000000016,-39.912500000000016
2496,8.077935669463161e-28,39.912500000000016,-39.912500000000016
905,4.235164736271502e-22,39.912500000000016,-39.912500000000016
550,4.547473779915184e-13,39.912500000000016,-39.91249999999956
3981,1.4551915228366852e-11,39.912500000000016,-39.912499999985464
996,0.015625,39.912500000000016,-39.896875000000016
3468,4.1359030627651384e-25,39.52500000000001,-39.52500000000001
1021,2.0194839173657902e-28,39.52500000000001,-39.52500000000001
3095,1.262177448353619e-29,39.52500000000001,-39.52500000000001
41569,2.721093343369984e-20,39.52500000000001,-39.52500000000001
82459,2.524354896707238e-29,39.52500000000001,-39.52500000000001
1280,1.0339757656912846e-25,39.52500000000001,-39.52500000000001
33660,5.169878828456423e-26,39.52500000000001,-39.52500000000001
2505,8.077935669463161e-28,39.52500000000001,-39.52500000000001
7099,1.1368683772161603e-13,39.52500000000001,-39.5249999999999
52722,1.9073486328125e-06,39.52500000000001,-39.52499809265138
1459,0.06250000000011369,39.52500000000001,-39.4624999999999
31410,2.71050543184485e-20,39.13750000000001,-39.13750000000001
58998,5.169878828456423e-26,39.13750000000001,-39.13750000000001
64839,5.421010864951877e-20,39.13750000000001,-39.13750000000001
3508,4.1359030627651384e-25,39.13750000000001,-39.13750000000001
53000,3.637978807091713e-12,39.13750000000001,-39.13749999999637
66097,8.271806125530277e-25,38.362500000000004,-38.362500000000004
965,1.2927852514761941e-26,38.362500000000004,-38.362500000000004
8810,3.725290298461914e-09,38.362500000000004,-38.362499996274714
3536,1.6543612251060553e-24,37.975,-37.975
2950,2.524354896707238e-29,37.975,-37.975
56757,1.421085471520281e-14,37.5875,-37.587499999999984
3156,1.1641532182693481e-10,37.5875,-37.58749999988358
59615,0.0002441406250000555,37.5875,-37.587255859375
45447,2.524354896707238e-29,37.199999999999996,-37.199999999999996
1096,7.573064690121713e-29,37.199999999999996,-37.199999999999996
2404,3.1554436208840472e-30,37.199999999999996,-37.199999999999996
112852,9.094947017729282e-13,37.199999999999996,-37.199999999999086
782,1.9073486328125e-06,37.199999999999996,-37.19999809265136
4489,6.103515625e-05,37.199999999999996,-37.199938964843746
1281,6.462348535570529e-27,36.81249999999999,-36.81249999999999
5690,1.4210854715202004e-14,36.81249999999999,-36.81249999999998
3037,2.4816428118549513e-24,36.42499999999999,-36.42499999999999
5878,8.673617379884035e-19,36.42499999999999,-36.42499999999999
4,3.814697265625e-06,36.42499999999999,-36.424996185302724
3730,2.5849394142282115e-26,36.03749999999999,-36.03749999999999
31878,1.5777218104420236e-30,36.03749999999999,-36.03749999999999
3438,0.000244140625,36.03749999999999,-36.03725585937499
950,1.3552527156068805e-20,35.649999999999984,-35.649999999999984
1303,7.275957614183426e-12,35.649999999999984,-35.64999999999271
156,1.6940658945086007e-21,35.26249999999998,-35.26249999999998
6708,5.293955920339377e-23,35.26249999999998,-35.26249999999998
51540,1.4901161193847656e-08,35.26249999999998,-35.26249998509882
69481,6.776263578034403e-21,34.87499999999998,-34.87499999999998
109374,4.0389678347315804e-28,34.487499999999976,-34.487499999999976
53322,6.462348535570529e-27,34.487499999999976,-34.487499999999976
6157,3.1554436208840472e-30,34.487499999999976,-34.487499999999976
6281,8.881784197001284e-16,34.09999999999997,-34.09999999999997
2912,3.3881317890172014e-21,34.09999999999997,-34.09999999999997
810,8.881784197001252e-16,34.09999999999997,-34.09999999999997
2403,1.5777218104420236e-30,33.71249999999997,-33.71249999999997
4823,2.6469779601696886e-23,33.71249999999997,-33.71249999999997
2808,2.0194839173657902e-28,33.71249999999997,-33.71249999999997
81562,1.3234889800848443e-23,32.937499999999964,-32.937499999999964
6323,2.168437432195511e-19,32.937499999999964,-32.937499999999964
2989,1.262177448353619e-29,32.937499999999964,-32.937499999999964
2643,2.2737368221949564e-13,32.937499999999964,-32.93749999999974
2973,8.271806125530277e-25,32.54999999999996,-32.54999999999996
109487,1.0842021724855044e-19,32.54999999999996,-32.54999999999996
15,1.1102230246251565e-16,32.54999999999996,-32.54999999999996
1353,5.820766091346741e-11,32.54999999999996,-32.549999999941754
464,3.1554436208840472e-30,32.16249999999996,-32.16249999999996
31696,4.76837158203125e-07,32.16249999999996,-32.1624995231628
89,2.0679515313825692e-25,31.77499999999996,-31.77499999999996
612,1.6543612251060553e-24,31.77499999999996,-31.77499999999996
828,8.077935669463161e-28,31.77499999999996,-31.77499999999996
61240,1.7763568394002505e-15,31.77499999999996,-31.774999999999956
98809,0.0001220703125000555,31.77499999999996,-31.77487792968746
1888,0.000244140625,31.77499999999996,-31.77475585937496
3615,3.2311742677852644e-27,31.38749999999996,-31.38749999999996
4728,1.3234889800848443e-23,31.38749999999996,-31.38749999999996
6796,1.2924697071141057e-26,31.38749999999996,-31.38749999999996
45720,4.235164736271502e-22,30.99999999999996,-30.99999999999996
5944,2.842170943040724e-14,30.99999999999996,-30.999999999999932
2513,1.8189894035458565e-12,30.99999999999996,-30.999999999998142
94959,7.450580596923828e-09,30.99999999999996,-30.99999999254938
1227,7.62939453125e-06,30.99999999999996,-30.99999237060543
96610,3.051757812501388e-05,30.99999999999996,-30.999969482421836
3699,6.617444900424222e-24,30.61249999999996,-30.61249999999996
63876,1.3552527156068805e-20,30.61249999999996,-30.61249999999996
1238,2.0194839173657902e-28,30.61249999999996,-30.61249999999996
1342,5.684341886080802e-14,30.61249999999996,-30.612499999999905
1005,1.1368683772161603e-13,30.61249999999996,-30.612499999999848
1078,9.094947017729282e-13,30.61249999999996,-30.612499999999052
104841,5.960464477539063e-08,30.61249999999996,-30.612499940395317
55442,8.077935669463161e-28,30.224999999999962,-30.224999999999962
38038,1.6543612251060553e-24,30.224999999999962,-30.224999999999962
74789,4.440892098500626e-16,30.224999999999962,-30.224999999999962
7454,9.313225746154785e-10,30.224999999999962,-30.22499999906864
96079,1.52587890625e-05,30.224999999999962,-30.2249847412109
6385,1.5777218104420236e-30,29.837499999999963,-29.837499999999963
6754,1.1920928955078125e-07,29.449999999999964,-29.449999880790674
999,0.00390625,29.449999999999964,-29.446093749999964
7373,2.0679515313825692e-25,29.062499999999964,-29.062499999999964
35,1.0097419586828951e-28,29.062499999999964,-29.062499999999964
2107,6.310887241768095e-30,29.062499999999964,-29.062499999999964
34150,7.450580596923828e-09,29.062499999999964,-29.062499992549384
34319,2.384185791015625e-07,29.062499999999964,-29.062499761581385
39292,2.0194839173657902e-28,28.674999999999965,-28.674999999999965
3991,8.271806125530277e-25,28.674999999999965,-28.674999999999965
8981,1.8189894035458565e-12,28.674999999999965,-28.674999999998146
2375,1.862645149230957e-09,28.674999999999965,-28.67499999813732
86332,6.776263578034403e-21,28.287499999999966,-28.287499999999966
91542,2.9802322387695312e-08,28.287499999999966,-28.287499970197644
27,4.235164736271502e-22,27.899999999999967,-27.899999999999967
37741,4.440892098500626e-16,27.899999999999967,-27.899999999999967
3359,1.262177448353619e-29,27.899999999999967,-27.899999999999967
63992,2.524354896707238e-29,27.124999999999968,-27.124999999999968
8914,1.0842021724855044e-19,27.124999999999968,-27.124999999999968
1681,2.2737367544323206e-13,27.124999999999968,-27.12499999999974
72378,1.0339757656912846e-25,26.73749999999997,-26.73749999999997
4980,2.842170943040401e-14,26.73749999999997,-26.73749999999994
258,2.710505431213761e-20,26.34999999999997,-26.34999999999997
1760,4.336808689942018e-19,26.34999999999997,-26.34999999999997
1603,0.0009765625,26.34999999999997,-26.34902343749997
507,6.462348535570529e-27,25.96249999999997,-25.96249999999997
725,2.0679515313825692e-25,25.96249999999997,-25.96249999999997
6283,8.673617379884035e-19,25.96249999999997,-25.96249999999997
1727,2.3283064365386963e-10,25.96249999999997,-25.96249999976714
2060,4.76837158203125e-07,25.96249999999997,-25.962499523162812
2463,1.3877787807814457e-17,25.57499999999997,-25.57499999999997
2118,1.734723475976807e-18,25.57499999999997,-25.57499999999997
7669,2.168404344971009e-19,25.18749999999997,-25.18749999999997
1004,4.1359030627651384e-25,25.18749999999997,-25.18749999999997
2459,8.881784197001252e-16,25.18749999999997,-25.18749999999997
5026,2.7755575615628914e-17,25.18749999999997,-25.18749999999997
3763,1.6940658945086007e-21,24.799999999999972,-24.799999999999972
54995,8.271806125530277e-25,24.799999999999972,-24.799999999999972
33162,2.6469779601696886e-23,24.799999999999972,-24.799999999999972
39446,2.0679515313825692e-25,24.412499999999973,-24.412499999999973
60074,5.048709793414476e-29,24.412499999999973,-24.412499999999973
2042,4.1359030627651384e-25,24.412499999999973,-24.412499999999973
5620,6.617444900424222e-24,24.412499999999973,-24.412499999999973
5152,1.0587911840678754e-22,24.412499999999973,-24.412499999999973
191,3.3881317890172014e-21,24.412499999999973,-24.412499999999973
2088,5.684341886080802e-14,24.412499999999973,-24.412499999999916
8371,3.63797891551193e-12,24.412499999999973,-24.412499999996335
1006,3.2311742677852644e-27,24.024999999999974,-24.024999999999974
4103,8.470329472543003e-22,24.024999999999974,-24.024999999999974
3503,1.262177448353619e-29,24.024999999999974,-24.024999999999974
8861,1.0587911840678754e-22,24.024999999999974,-24.024999999999974
91658,5.169878828456423e-26,24.024999999999974,-24.024999999999974
2296,1.4551915228366852e-11,24.024999999999974,-24.024999999985422
7256,1.5777218104420236e-30,23.637499999999974,-23.637499999999974
57368,7.275957614183426e-12,23.637499999999974,-23.6374999999927
2450,1.862645149230957e-09,23.637499999999974,-23.63749999813733
2279,2.384185791015625e-07,23.637499999999974,-23.637499761581395
27660,7.629394531256939e-06,23.637499999999974,-23.637492370605443
88129,2.220446049250313e-16,23.249999999999975,-23.249999999999975
112556,5.048709793414476e-29,23.249999999999975,-23.249999999999975
1003,6.617444900424222e-24,23.249999999999975,-23.249999999999975
41285,5.421010862427522e-20,23.249999999999975,-23.249999999999975
27904,3.552713678800501e-15,23.249999999999975,-23.24999999999997
97921,1.1641532182693481e-10,23.249999999999975,-23.24999999988356
1991,1.6155871338926322e-27,22.862499999999976,-22.862499999999976
3676,2.710505431213761e-20,22.862499999999976,-22.862499999999976
97304,1.1920928955078125e-07,22.862499999999976,-22.862499880790686
95510,3.552713678800501e-15,22.474999999999977,-22.474999999999973
1541,2.9103830456733704e-11,22.474999999999977,-22.474999999970873
2334,0.00048828125,22.474999999999977,-22.474511718749977
1390,1.3234889800848443e-23,22.087499999999977,-22.087499999999977
84152,1.6543612251060553e-24,22.087499999999977,-22.087499999999977
53519,1.6940658945086007e-21,22.087499999999977,-22.087499999999977
8645,1.0097419586828951e-28,22.087499999999977,-22.087499999999977
1726,5.684341886080802e-14,22.087499999999977,-22.08749999999992
1241,3.3881317890172014e-21,21.699999999999978,-21.699999999999978
330,2.5849394142282115e-26,21.31249999999998,-21.31249999999998
851,2.6469779601696886e-23,21.31249999999998,-21.31249999999998
111759,1.3552527156068805e-20,20.92499999999998,-20.92499999999998
102125,1.1102230246251565e-16,20.92499999999998,-20.92499999999998
3439,5.421010862427522e-20,20.92499999999998,-20.92499999999998
102445,1.4210854715202004e-14,20.92499999999998,-20.924999999999965
886,6.776263578034403e-21,20.53749999999998,-20.53749999999998
106487,2.220446049250313e-16,20.14999999999998,-20.14999999999998
2583,7.105427357601002e-15,20.14999999999998,-20.149999999999974
106782,4.547473508864641e-13,20.14999999999998,-20.149999999999526
879,9.313225746154785e-10,20.14999999999998,-20.14999999906866
5419,5.048709793414476e-29,19.76249999999998,-19.76249999999998
7004,3.469446951953614e-18,19.76249999999998,-19.76249999999998
45672,2.0194839173657902e-28,19.76249999999998,-19.76249999999998
2322,4.656612873077393e-10,19.76249999999998,-19.76249999953432
2282,3.725290298461914e-09,19.76249999999998,-19.76249999627469
44022,3.308722450212111e-24,19.374999999999982,-19.374999999999982
93840,8.673617379884035e-19,19.374999999999982,-19.374999999999982
106920,1.3877787807814457e-17,19.374999999999982,-19.374999999999982
2606,1.7763568394002505e-15,18.987499999999983,-18.987499999999983
48043,1.734723475976807e-18,18.987499999999983,-18.987499999999983
68791,3.1554436208840472e-30,18.987499999999983,-18.987499999999983
52328,5.293955920339377e-23,18.987499999999983,-18.987499999999983
3007,1.8189894035458565e-12,18.987499999999983,-18.987499999998164
4366,2.117582368135751e-22,18.599999999999984,-18.599999999999984
5110,3.469446951953614e-18,18.599999999999984,-18.599999999999984
94864,3.637978807091713e-12,18.599999999999984,-18.599999999996346
801,5.293955920339377e-23,18.212499999999984,-18.212499999999984
111362,5.169878828456423e-26,18.212499999999984,-18.212499999999984
55908,1.734723475976807e-18,18.212499999999984,-18.212499999999984
611,3.469446951953614e-18,17.824999999999985,-17.824999999999985
106489,8.470329472543003e-22,17.824999999999985,-17.824999999999985
606,6.462348535570529e-27,17.437499999999986,-17.437499999999986
6552,1.862645149230957e-09,17.437499999999986,-17.43749999813734
1216,4.336808689942018e-19,17.049999999999986,-17.049999999999986
1399,2.524354896707238e-29,17.049999999999986,-17.049999999999986
1401,2.0194839173657902e-28,17.049999999999986,-17.049999999999986
6888,4.235164736271502e-22,17.049999999999986,-17.049999999999986
97938,4.440892098500626e-16,15.887499999999989,-15.887499999999989
27706,2.220446049250313e-16,15.49999999999999,-15.49999999999999
1689,2.842170943040401e-14,15.11249999999999,-15.112499999999962
7325,1.1102230246251565e-16,14.72499999999999,-14.72499999999999
1848,1.262177448353619e-29,14.72499999999999,-14.72499999999999
5146,6.310887241768095e-30,14.72499999999999,-14.72499999999999
7842,3.308722450212111e-24,14.337499999999991,-14.337499999999991
97752,1.0339757656912846e-25,14.337499999999991,-14.337499999999991
97913,4.0389678347315804e-28,13.174999999999994,-13.174999999999994
407,2.7755575615628914e-17,13.174999999999994,-13.174999999999994
2092,5.551115123125783e-17,13.174999999999994,-13.174999999999994
6857,6.938893903907228e-18,13.174999999999994,-13.174999999999994
1821,1.0587911840678754e-22,12.787499999999994,-12.787499999999994
1752,5.421010862427522e-20,11.624999999999996,-11.624999999999996
1034,1.6155871338926322e-27,11.624999999999996,-11.624999999999996
6765,3.1554436208840472e-30,11.624999999999996,-11.624999999999996
44974,2.117582368135751e-22,11.237499999999997,-11.237499999999997
2596,1.2924697071141057e-26,10.462499999999999,-10.462499999999999
1762,1.5777218104420236e-30,9.3,-9.3
590,1193.3512163162231,1177.2250000000674,16.126216316155705
592,1349.4901580810547,1191.175000000069,158.3151580809856
1210,1188.763671875,906.7500000000357,282.0136718749643
2858,1189.036277770996,871.4875000000316,317.54877777096453
780,1676.1098022460938,1068.3375000000547,607.7723022460391
50,2139.1148071289062,994.325000000046,1144.7898071288603
150,2864.382568359375,1210.5500000000713,1653.8325683593037
457,3358.900390625,1215.975000000072,2142.925390624928
1,4570.8291015625,1122.587500000061,3448.241601562439
527,5953.822265625,1149.3250000000642,4804.497265624936
589,7080.7265625,1102.4375000000587,5978.289062499942
2571,7319.078125,981.5375000000445,6337.540624999956
110,10157.578125,1220.6250000000725,8936.953124999927
480,17566.4375,1345.7875000000872,16220.649999999912
260,17788.59375,1172.1875000000668,16616.406249999935
593,26452.875,1536.0500000001095,24916.82499999989
318,30050.625,1667.412500000125,28383.212499999874
356,48849.0,1618.5875000001192,47230.41249999988
296,75490.0,1668.9625000001251,73821.03749999987
